81 124	81 67
82 126	82 68
83 127	83 69
84 129	84 70
85 131	85 72
87 132	87 72
88 134	88 74
89 135	89 74
90 137	90 76
91 138	91 76
92 140	92 78
93 141	93 78
94 143	94 80
95 144	95 80
96 146	96 82
97 147	97 82
98 149	98 84
99 151	99 85
100 152	100 86
101 154	101 87
102 155	102 88
103 157	103 89
104 158	104 90
105 160	105 91
106 161	106 92
107 163	107 93
108 164	108 94
109 166	109 95
110 167	110 96
111 169	111 97
112 171	112 99
113 172	113 99
114 174	114 101
115 175	115 101
116 177	116 103
117 178	117 103
118 180	118 105
119 181	119 105
120 183	120 107
121 184	121 107
122 186	122 109
123 187	123 109
124 189	124 111
125 191	125 112
126 192	126 113
127 194	127 114
128 195	128 115
130 197	130 116
131 198	131 117
132 200	132 118
133 201	133 119
134 203	134 120
135 204	135 121
136 206	136 122
137 207	137 123
138 209	138 124
139 211	139 126
140 212	140 126
141 214	141 128
142 215	142 129
143 217	143 130
144 218	144 131
145 220	145 132
146 221	146 133
147 223	147 134
148 224	148 135
149 226	149 136
150 227	150 137
151 229	151 138
152 231	152 139
153 232	153 140
154 234	154 141
155 235	155 142
156 237	156 144
157 238	157 144
158 240	158 146
159 241	159 146
160 243	160 148
161 244	161 148
162 246	162 150
163 247	163 150
164 249	164 152
165 251	165 153
166 252	166 154
167 254	167 155
168 255	168 156
169 257	169 157
170 258	170 158
171 260	171 159
173 261	173 160
174 263	174 161
175 264	175 162
176 266	176 163
177 267	177 164
178 269	178 165
179 270	179 166
180 272	180 168
181 274	181 169
182 275	182 170
183 277	183 171
184 278	184 172
185 280	185 173
186 281	186 174
187 283	187 175
188 284	188 176
189 286	189 177
190 287	190 178
191 289	191 179
192 290	192 180
193 292	193 181
194 294	194 183
195 295	195 183
196 297	196 185
197 298	197 185
198 300	198 187
199 301	199 187
200 303	200 189
201 304	201 190
202 306	202 191
203 307	203 192
204 309	204 193
205 310	205 194
206 312	206 195
207 313	207 196
208 315	208 197
209 317	209 198
210 318	210 199
211 320	211 201
212 321	212 201
213 323	213 203
214 324	214 203
216 326	216 205
217 327	217 205
218 329	218 207
219 330	219 207
220 332	220 209
221 333	221 210
222 335	222 211
223 336	223 212
224 338	224 213
225 340	225 214
226 341	226 215
227 343	227 216
228 344	228 217
229 346	229 218
230 347	230 219
231 349	231 221
232 350	232 221
233 352	233 223
234 353	234 223
235 355	235 225
236 356	236 225
237 358	237 227
238 359	238 227
239 361	239 229
240 363	240 230
241 364	241 231
242 366	242 232
243 367	243 233
244 369	244 234
245 370	245 235
246 372	246 236
247 373	247 237
248 375	248 239
249 376	249 239
250 378	250 241
251 379	251 241
252 381	252 243
253 382	253 243
254 384	254 245
255 385	255 246
256 387	256 247
257 389	257 248
259 390	259 249
260 392	260 250
261 393	261 251
262 395	262 252
263 396	263 253
264 398	264 255
265 399	265 255
266 401	266 257
267 402	267 257
268 404	268 259
269 405	269 259
270 407	270 261
271 408	271 261
272 410	272 263
273 411	273 264
274 413	274 265
275 415	275 266
276 416	276 267
277 418	277 268
278 419	278 269
279 421	279 271
280 422	280 271
281 424	281 273
282 425	282 273
283 427	283 275
284 428	284 275
285 430	285 277
286 431	286 277
287 433	287 279
288 434	288 280
289 436	289 281
290 437	290 282
291 439	291 283
292 440	292 284
293 442	293 285
294 444	294 287
295 445	295 287
296 447	296 289
297 448	297 289
298 450	298 291
299 451	299 291
300 453	300 293
302 454	302 293
303 456	303 295
304 457	304 296
305 459	305 297
306 460	306 298
307 462	307 299
308 463	308 300
309 465	309 301
310 466	310 302
311 468	311 303
312 469	312 304
313 471	313 305
314 473	314 307
315 474	315 307
316 476	316 309
317 477	317 310
318 479	318 311
319 480	319 312
320 482	320 313
321 483	321 314
322 485	322 315
323 486	323 316
324 488	324 317
325 489	325 318
326 491	326 319
327 492	327 320
328 494	328 321
329 495	329 322
330 497	330 324
331 498	331 324
332 500	332 326
333 501	333 326
334 503	334 328
335 505	335 329
336 506	336 330
337 508	337 331
338 509	338 332
339 511	339 333
340 512	340 334
341 514	341 335
342 515	342 336
343 517	343 337
345 518	345 338
346 520	346 340
347 521	347 340
348 523	348 342
349 524	349 342
350 526	350 344
351 527	351 344
352 529	352 346
353 530	353 347
354 532	354 348
355 533	355 349
356 535	356 350
357 536	357 351
358 538	358 352
359 540	359 354
360 541	360 354
361 543	361 356
362 544	362 356
363 546	363 358
364 547	364 359
365 549	365 360
366 550	366 361
367 552	367 362
368 553	368 363
369 555	369 364
370 556	370 365
371 558	371 366
372 559	372 367
373 561	373 368
374 562	374 369
375 564	375 370
376 565	376 371
377 567	377 373
378 568	378 373
379 570	379 375
380 571	380 375
381 573	381 377
382 574	382 377
383 576	383 379
384 577	384 380
385 579	385 381
386 580	386 382
388 582	388 383
389 584	389 384
390 585	390 385
391 587	391 387
392 588	392 387
393 590	393 389
394 591	394 389
395 593	395 391
396 594	396 391
397 596	397 393
398 597	398 394
399 599	399 395
400 600	400 396
401 602	401 397
402 603	402 398
403 605	403 399
404 606	404 400
405 608	405 401
406 609	406 402
407 611	407 403
408 612	408 404
409 614	409 406
410 615	410 406
411 617	411 408
412 618	412 408
413 620	413 410
414 621	414 410
415 623	415 412
416 624	416 413
417 626	417 414
418 627	418 415
419 629	419 416
420 630	420 417
421 632	421 418
422 633	422 419
423 635	423 420
424 637	424 422
425 638	425 422
426 640	426 424
427 641	427 425
428 643	428 426
429 644	429 427
430 646	430 428
432 647	432 429
433 649	433 430
434 650	434 431
435 652	435 432
436 653	436 433
437 655	437 434
438 656	438 435
439 658	439 437
440 659	440 437
441 661	441 439
442 662	442 439
443 664	443 441
444 665	444 441
445 667	445 443
446 668	446 444
447 670	447 445
448 671	448 446
449 673	449 447
450 674	450 448
451 676	451 449
452 677	452 450
453 679	453 451
454 680	454 452
455 682	455 453
456 683	456 454
457 685	457 456
458 686	458 456
459 688	459 458
460 689	460 458
461 691	461 460
462 692	462 460
463 694	463 462
464 695	464 463
465 697	465 464
466 698	466 465
467 700	467 466
468 701	468 467
469 703	469 468
470 704	470 469
471 706	471 470
472 707	472 471
473 709	473 472
475 710	475 473
476 712	476 475
477 713	477 475
478 715	478 477
479 716	479 477
480 718	480 479
481 719	481 480
482 721	482 481
483 722	483 482
484 724	484 483
485 725	485 484
486 727	486 485
487 728	487 486
488 730	488 487
489 731	489 488
490 733	490 489
491 734	491 490
492 736	492 492
493 737	493 492
494 739	494 494
495 740	495 494
496 742	496 496
497 743	497 496
498 745	498 498
499 746	499 499
500 748	500 500
501 749	501 501
502 751	502 502
503 752	503 503
504 754	504 504
505 755	505 505
506 757	506 506
507 758	507 507
508 760	508 509
509 761	509 509
510 763	510 511
511 764	511 511
512 766	512 513
513 767	513 513
514 769	514 515
515 770	515 516
516 772	516 517
518 773	518 518
519 775	519 519
520 776	520 520
521 778	521 521
522 779	522 522
523 781	523 523
524 782	524 524
525 784	525 525
526 785	526 526
527 787	527 528
528 788	528 528
529 790	529 530
530 791	530 530
531 793	531 532
532 794	532 533
533 796	533 534
534 797	534 535
535 799	535 536
536 800	536 537
537 802	537 538
538 803	538 539
539 805	539 540
540 806	540 541
541 808	541 542
542 809	542 543
543 811	543 545
544 812	544 545
545 814	545 547
546 815	546 547
547 817	547 549
548 818	548 550
549 820	549 551
550 821	550 552
551 823	551 553
552 824	552 554
553 826	553 555
554 827	554 556
555 829	555 557
556 830	556 558
557 832	557 559
558 833	558 560
559 835	559 562
561 836	561 562
562 838	562 564
563 839	563 564
564 841	564 566
565 842	565 567
566 844	566 568
567 845	567 569
568 847	568 570
569 848	569 571
570 849	570 572
571 851	571 573
572 852	572 574
573 854	573 575
574 855	574 576
575 857	575 577
576 858	576 578
577 860	577 579
578 861	578 580
579 863	579 581
580 864	580 582
581 866	581 584
582 867	582 584
583 869	583 586
584 870	584 586
585 872	585 588
586 873	586 589
587 875	587 590
588 876	588 591
589 878	589 592
590 879	590 593
591 881	591 594
592 882	592 595
593 884	593 596
594 885	594 597
595 887	595 599
596 888	596 599
597 890	597 601
598 891	598 601
599 893	599 603
600 894	600 603
601 896	601 605
602 897	602 606
604 898	604 606
605 900	605 608
606 901	606 608
607 903	607 610
608 904	608 611
609 906	609 612
610 907	610 613
611 909	611 614
612 910	612 615
613 912	613 616
614 913	614 617
615 915	615 618
616 916	616 619
617 918	617 621
618 919	618 621
619 921	619 623
620 922	620 623
621 924	621 625
622 925	622 626
623 927	623 627
624 928	624 628
625 930	625 629
626 931	626 630
627 932	627 631
628 934	628 632
629 935	629 633
630 937	630 634
631 938	631 635
632 940	632 636
633 941	633 637
634 943	634 638
635 944	635 639
636 946	636 640
637 947	637 641
638 949	638 643
639 950	639 643
640 952	640 645
641 953	641 645
642 955	642 647
643 956	643 648
644 958	644 649
645 959	645 650
647 961	647 651
648 962	648 652
649 963	649 653
650 965	650 654
651 966	651 655
652 968	652 656
653 969	653 657
654 971	654 658
655 972	655 659
656 974	656 660
657 975	657 661
658 977	658 663
659 978	659 663
660 980	660 665
661 981	661 665
662 983	662 667
663 984	663 668
664 986	664 669
665 987	665 670
666 988	666 670
667 990	667 672
668 991	668 673
669 993	669 674
670 994	670 675
671 996	671 676
672 997	672 677
673 999	673 678
674 1000	674 679
675 1002	675 680
676 1003	676 681
677 1005	677 682
678 1006	678 683
679 1008	679 685
680 1009	680 685
681 1010	681 686
682 1012	682 687
683 1013	683 688
684 1015	684 690
685 1016	685 690
686 1018	686 692
687 1019	687 692
688 1021	688 694
690 1022	690 695
691 1024	691 696
692 1025	692 697
693 1027	693 698
694 1028	694 699
695 1029	695 700
696 1031	696 701
697 1032	697 702
698 1034	698 703
699 1035	699 704
700 1037	700 705
701 1038	701 706
702 1040	702 707
703 1041	703 708
704 1043	704 710
705 1044	705 710
706 1046	706 712
707 1047	707 712
708 1048	708 713
709 1050	709 715
710 1051	710 715
711 1053	711 717
712 1054	712 717
713 1056	713 719
714 1057	714 720
715 1059	715 721
716 1060	716 722
717 1062	717 723
718 1063	718 724
719 1064	719 725
720 1066	720 726
721 1067	721 727
722 1069	722 728
723 1070	723 729
724 1072	724 730
725 1073	725 731
726 1075	726 732
727 1076	727 733
728 1078	728 735
729 1079	729 735
730 1081	730 737
731 1082	731 737
733 1083	733 738
734 1085	734 740
735 1086	735 740
736 1088	736 742
737 1089	737 742
738 1091	738 744
739 1092	739 745
740 1094	740 746
741 1095	741 747
742 1096	742 747
743 1098	743 749
744 1099	744 750
745 1101	745 751
746 1102	746 752
747 1104	747 753
748 1105	748 754
749 1107	749 755
750 1108	750 756
751 1110	751 758
752 1111	752 758
753 1112	753 759
754 1114	754 760
755 1115	755 761
756 1117	756 763
757 1118	757 763
758 1120	758 765
759 1121	759 765
760 1123	760 767
761 1124	761 768
762 1125	762 768
763 1127	763 770
764 1128	764 770
765 1130	765 772
766 1131	766 773
767 1133	767 774
768 1134	768 775
769 1136	769 776
770 1137	770 777
771 1138	771 778
772 1140	772 779
773 1141	773 780
774 1143	774 781
776 1144	776 782
777 1146	777 783
778 1147	778 784
779 1149	779 785
780 1150	780 786
781 1151	781 787
782 1153	782 788
783 1154	783 789
784 1156	784 790
785 1157	785 791
786 1159	786 793
787 1160	787 793
788 1162	788 795
789 1163	789 796
790 1164	790 796
791 1166	791 798
792 1167	792 798
793 1169	793 800
794 1170	794 801
795 1172	795 802
796 1173	796 803
797 1175	797 804
798 1176	798 805
799 1177	799 806
800 1179	800 807
801 1180	801 808
802 1182	802 809
803 1183	803 810
804 1185	804 811
805 1186	805 812
806 1187	806 813
807 1189	807 814
808 1190	808 815
809 1192	809 816
810 1193	810 817
811 1195	811 819
812 1196	812 819
813 1197	813 820
814 1199	814 821
815 1200	815 822
816 1202	816 824
817 1203	817 824
818 1205	818 826
820 1206	820 826
821 1208	821 828
822 1209	822 829
823 1210	823 829
824 1212	824 831
825 1213	825 831
826 1215	826 833
827 1216	827 834
828 1218	828 835
829 1219	829 836
830 1220	830 837
831 1222	831 838
832 1223	832 839
833 1225	833 840
834 1226	834 841
835 1228	835 842
836 1229	836 843
837 1230	837 844
838 1232	838 845
839 1233	839 846
840 1235	840 847
841 1236	841 848
842 1238	842 849
843 1239	843 850
844 1240	844 851
845 1242	845 852
846 1243	846 853
847 1245	847 855
848 1246	848 855
849 1248	849 857
850 1249	850 857
851 1250	851 858
852 1252	852 860
853 1253	853 860
854 1255	854 862
855 1256	855 862
856 1257	856 863
857 1259	857 865
858 1260	858 865
859 1262	859 867
860 1263	860 868
861 1265	861 869
863 1266	863 870
864 1267	864 870
865 1269	865 872
866 1270	866 873
867 1272	867 874
868 1273	868 875
869 1275	869 876
870 1276	870 877
871 1277	871 878
872 1279	872 879
873 1280	873 880
874 1282	874 881
875 1283	875 882
876 1284	876 883
877 1286	877 884
878 1287	878 885
879 1289	879 886
880 1290	880 887
881 1292	881 889
882 1293	882 889
883 1294	883 890
884 1296	884 891
885 1297	885 892
886 1299	886 894
887 1300	887 894
888 1301	888 895
889 1303	889 896
890 1304	890 897
891 1306	891 899
892 1307	892 899
893 1309	893 901
894 1310	894 902
895 1311	895 902
896 1313	896 904
897 1314	897 904
898 1316	898 906
899 1317	899 907
900 1318	900 907
901 1320	901 909
902 1321	902 910
903 1323	903 911
904 1324	904 912
906 1325	906 912
907 1327	907 914
908 1328	908 915
909 1330	909 916
910 1331	910 917
911 1332	911 918
912 1334	912 919
913 1335	913 920
914 1337	914 921
915 1338	915 922
916 1340	916 923
917 1341	917 924
918 1342	918 925
919 1344	919 926
920 1345	920 927
921 1347	921 928
922 1348	922 929
923 1349	923 930
924 1351	924 931
925 1352	925 932
926 1354	926 933
927 1355	927 934
928 1356	928 935
929 1358	929 936
930 1359	930 937
931 1361	931 939
932 1362	932 939
933 1363	933 940
934 1365	934 941
935 1366	935 942
936 1368	936 944
937 1369	937 944
938 1370	938 945
939 1372	939 947
940 1373	940 947
941 1375	941 949
942 1376	942 950
943 1377	943 950
944 1379	944 952
945 1380	945 952
946 1382	946 954
947 1383	947 955
949 1384	949 955
950 1386	950 957
951 1387	951 958
952 1389	952 959
953 1390	953 960
954 1391	954 960
955 1393	955 962
956 1394	956 963
957 1396	957 964
958 1397	958 965
959 1398	959 966
960 1400	960 967
961 1401	961 968
962 1403	962 969
963 1404	963 970
964 1405	964 971
965 1407	965 972
966 1408	966 973
967 1409	967 974
968 1411	968 975
969 1412	969 976
970 1414	970 977
971 1415	971 978
972 1416	972 979
973 1418	973 980
974 1419	974 981
975 1421	975 982
976 1422	976 983
977 1423	977 984
978 1425	978 985
979 1426	979 986
980 1428	980 987
981 1429	981 988
982 1430	982 989
983 1432	983 990
984 1433	984 991
985 1434	985 992
986 1436	986 993
987 1437	987 994
988 1439	988 996
989 1440	989 996
990 1441	990 997
992 1443	992 998
993 1444	993 999
994 1446	994 1001
995 1447	995 1001
996 1448	996 1002
997 1450	997 1004
998 1451	998 1004
999 1452	999 1005
1000 1454	1000 1007
1001 1455	1001 1007
1002 1457	1002 1009
1003 1458	1003 1009
1004 1459	1004 1010
1005 1461	1005 1012
1006 1462	1006 1012
1007 1464	1007 1014
1008 1465	1008 1015
1009 1466	1009 1015
1010 1468	1010 1017
1011 1469	1011 1018
1012 1470	1012 1018
1013 1472	1013 1020
1014 1473	1014 1021
1015 1475	1015 1022
1016 1476	1016 1023
1017 1477	1017 1023
1018 1479	1018 1025
1019 1480	1019 1026
1020 1481	1020 1026
1021 1483	1021 1028
1022 1484	1022 1029
1023 1486	1023 1030
1024 1487	1024 1031
1025 1488	1025 1032
1026 1490	1026 1033
1027 1491	1027 1034
1028 1492	1028 1035
1029 1494	1029 1036
1030 1495	1030 1037
1031 1497	1031 1038
1032 1498	1032 1039
1033 1499	1033 1040
1035 1501	1035 1041
1036 1502	1036 1042
1037 1503	1037 1043
1038 1505	1038 1044
1039 1506	1039 1045
1040 1508	1040 1046
1041 1509	1041 1047
1042 1510	1042 1048
1043 1512	1043 1049
1044 1513	1044 1050
1045 1514	1045 1051
1046 1516	1046 1052
1047 1517	1047 1053
1048 1518	1048 1054
1049 1520	1049 1055
1050 1521	1050 1056
1051 1523	1051 1057
1052 1524	1052 1058
1053 1525	1053 1059
1054 1527	1054 1060
1055 1528	1055 1061
1056 1529	1056 1062
1057 1531	1057 1063
1058 1532	1058 1064
1059 1534	1059 1066
1060 1535	1060 1066
1061 1536	1061 1067
1062 1538	1062 1069
1063 1539	1063 1069
1064 1540	1064 1070
1065 1542	1065 1071
1066 1543	1066 1072
1067 1544	1067 1073
1068 1546	1068 1074
1069 1547	1069 1075
1070 1549	1070 1077
1071 1550	1071 1077
1072 1551	1072 1078
1073 1553	1073 1080
1074 1554	1074 1080
1075 1555	1075 1081
1076 1557	1076 1083
1078 1558	1078 1083
1079 1559	1079 1084
1080 1561	1080 1086
1081 1562	1081 1086
1082 1563	1082 1087
1083 1565	1083 1089
1084 1566	1084 1089
1085 1568	1085 1091
1086 1569	1086 1092
1087 1570	1087 1092
1088 1572	1088 1094
1089 1573	1089 1095
1090 1574	1090 1095
1091 1576	1091 1097
1092 1577	1092 1098
1093 1578	1093 1098
1094 1580	1094 1100
1095 1581	1095 1101
1096 1582	1096 1101
1097 1584	1097 1103
1098 1585	1098 1103
1099 1586	1099 1104
1100 1588	1100 1106
1101 1589	1101 1106
1102 1591	1102 1108
1103 1592	1103 1109
1104 1593	1104 1109
1105 1595	1105 1111
1106 1596	1106 1112
1107 1597	1107 1112
1108 1599	1108 1114
1109 1600	1109 1115
1110 1601	1110 1115
1111 1603	1111 1117
1112 1604	1112 1118
1113 1605	1113 1118
1114 1607	1114 1120
1115 1608	1115 1121
1116 1609	1116 1121
1117 1611	1117 1123
1118 1612	1118 1124
1119 1613	1119 1124
1121 1615	1121 1126
1122 1616	1122 1127
1123 1617	1123 1127
1124 1619	1124 1129
1125 1620	1125 1130
1126 1621	1126 1130
1127 1623	1127 1132
1128 1624	1128 1133
1129 1626	1129 1134
1130 1627	1130 1135
1131 1628	1131 1136
1132 1630	1132 1137
1133 1631	1133 1138
1134 1632	1134 1139
1135 1634	1135 1140
1136 1635	1136 1141
1137 1636	1137 1142
1138 1638	1138 1143
1139 1639	1139 1144
1140 1640	1140 1145
1141 1642	1141 1146
1142 1643	1142 1147
1143 1644	1143 1148
1144 1646	1144 1149
1145 1647	1145 1150
1146 1648	1146 1151
1147 1650	1147 1152
1148 1651	1148 1153
1149 1652	1149 1154
1150 1654	1150 1155
1151 1655	1151 1156
1152 1656	1152 1157
1153 1658	1153 1158
1154 1659	1154 1159
1155 1660	1155 1160
1156 1662	1156 1161
1157 1663	1157 1162
1158 1664	1158 1163
1159 1666	1159 1164
1160 1667	1160 1165
1161 1668	1161 1166
1162 1670	1162 1167
1164 1671	1164 1168
1165 1672	1165 1169
1166 1674	1166 1170
1167 1675	1167 1171
1168 1676	1168 1172
1169 1678	1169 1173
1170 1679	1170 1174
1171 1680	1171 1175
1172 1682	1172 1176
1173 1683	1173 1177
1174 1684	1174 1178
1175 1686	1175 1179
1176 1687	1176 1180
1177 1688	1177 1181
1178 1690	1178 1182
1179 1691	1179 1183
1180 1692	1180 1184
1181 1693	1181 1185
1182 1695	1182 1186
1183 1696	1183 1187
1184 1697	1184 1188
1185 1699	1185 1189
1186 1700	1186 1190
1187 1701	1187 1191
1188 1703	1188 1192
1189 1704	1189 1193
1190 1705	1190 1194
1191 1707	1191 1195
1192 1708	1192 1196
1193 1709	1193 1197
1194 1711	1194 1198
1195 1712	1195 1199
1196 1713	1196 1200
1197 1715	1197 1201
1198 1716	1198 1202
1199 1717	1199 1203
1200 1719	1200 1204
1201 1720	1201 1205
1202 1721	1202 1206
1203 1723	1203 1208
1204 1724	1204 1208
1205 1725	1205 1209
1207 1726	1207 1210
1208 1728	1208 1211
1209 1729	1209 1212
1210 1730	1210 1213
1211 1732	1211 1214
1212 1733	1212 1215
1213 1734	1213 1216
1214 1736	1214 1217
1215 1737	1215 1218
1216 1738	1216 1219
1217 1740	1217 1221
1218 1741	1218 1221
1219 1742	1219 1222
1220 1744	1220 1224
1221 1745	1221 1224
1222 1746	1222 1225
1223 1747	1223 1226
1224 1749	1224 1227
1225 1750	1225 1228
1226 1751	1226 1229
1227 1753	1227 1230
1228 1754	1228 1231
1229 1755	1229 1232
1230 1757	1230 1234
1231 1758	1231 1234
1232 1759	1232 1235
1233 1761	1233 1237
1234 1762	1234 1237
1235 1763	1235 1238
1236 1764	1236 1239
1237 1766	1237 1240
1238 1767	1238 1241
1239 1768	1239 1242
1240 1770	1240 1244
1241 1771	1241 1244
1242 1772	1242 1245
1243 1774	1243 1247
1244 1775	1244 1247
1245 1776	1245 1248
1246 1778	1246 1250
1247 1779	1247 1250
1248 1780	1248 1251
1249 1781	1249 1252
1251 1783	1251 1254
1252 1784	1252 1254
1253 1785	1253 1255
1254 1787	1254 1257
1255 1788	1255 1257
1256 1789	1256 1258
1257 1790	1257 1259
1258 1792	1258 1261
1259 1793	1259 1261
1260 1794	1260 1262
1261 1796	1261 1264
1262 1797	1262 1264
1263 1798	1263 1265
1264 1800	1264 1267
1265 1801	1265 1267
1266 1802	1266 1268
1267 1803	1267 1269
1268 1805	1268 1271
1269 1806	1269 1271
1270 1807	1270 1272
1271 1809	1271 1274
1272 1810	1272 1274
1273 1811	1273 1275
1274 1813	1274 1277
1275 1814	1275 1278
1276 1815	1276 1278
1277 1816	1277 1279
1278 1818	1278 1281
1279 1819	1279 1281
1280 1820	1280 1282
1281 1822	1281 1284
1282 1823	1282 1285
1283 1824	1283 1285
1284 1825	1284 1286
1285 1827	1285 1288
1286 1828	1286 1288
1287 1829	1287 1289
1288 1831	1288 1291
1289 1832	1289 1292
1290 1833	1290 1292
1291 1834	1291 1293
1292 1836	1292 1295
1294 1837	1294 1295
1295 1838	1295 1296
1296 1840	1296 1298
1297 1841	1297 1299
1298 1842	1298 1299
1299 1843	1299 1300
1300 1845	1300 1302
1301 1846	1301 1302
1302 1847	1302 1303
1303 1849	1303 1305
1304 1850	1304 1306
1305 1851	1305 1306
1306 1852	1306 1307
1307 1854	1307 1309
1308 1855	1308 1310
1309 1856	1309 1310
1310 1857	1310 1311
1311 1859	1311 1313
1312 1860	1312 1313
1313 1861	1313 1314
1314 1863	1314 1316
1315 1864	1315 1317
1316 1865	1316 1317
1317 1866	1317 1318
1318 1868	1318 1320
1319 1869	1319 1320
1320 1870	1320 1321
1321 1872	1321 1323
1322 1873	1322 1324
1323 1874	1323 1324
1324 1875	1324 1325
1325 1877	1325 1327
1326 1878	1326 1328
1327 1879	1327 1328
1328 1880	1328 1329
1329 1882	1329 1331
1330 1883	1330 1332
1331 1884	1331 1332
1332 1886	1332 1334
1333 1887	1333 1335
1334 1888	1334 1335
1335 1889	1335 1336
1337 1891	1337 1338
1338 1892	1338 1339
1339 1893	1339 1339
1340 1894	1340 1340
1341 1896	1341 1342
1342 1897	1342 1343
1343 1898	1343 1343
1344 1899	1344 1344
1345 1901	1345 1346
1346 1902	1346 1347
1347 1903	1347 1347
1348 1905	1348 1349
1349 1906	1349 1350
1350 1907	1350 1350
1351 1908	1351 1351
1352 1910	1352 1353
1353 1911	1353 1354
1354 1912	1354 1354
1355 1913	1355 1355
1356 1915	1356 1357
1357 1916	1357 1358
1358 1917	1358 1358
1359 1918	1359 1359
1360 1920	1360 1361
1361 1921	1361 1362
1362 1922	1362 1362
1363 1923	1363 1363
1364 1925	1364 1365
1365 1926	1365 1366
1366 1927	1366 1366
1367 1929	1367 1368
1368 1930	1368 1369
1369 1931	1369 1370
1370 1932	1370 1370
1371 1934	1371 1372
1372 1935	1372 1373
1373 1936	1373 1374
1374 1937	1374 1374
1375 1939	1375 1376
1376 1940	1376 1377
1377 1941	1377 1378
1378 1942	1378 1378
1380 1944	1380 1380
1381 1945	1381 1381
1382 1946	1382 1382
1383 1947	1383 1382
1384 1949	1384 1384
1385 1950	1385 1385
1386 1951	1386 1386
1387 1952	1387 1386
1388 1954	1388 1388
1389 1955	1389 1389
1390 1956	1390 1390
1391 1957	1391 1390
1392 1959	1392 1392
1393 1960	1393 1393
1394 1961	1394 1394
1395 1962	1395 1394
1396 1964	1396 1396
1397 1965	1397 1397
1398 1966	1398 1398
1399 1967	1399 1398
1400 1969	1400 1400
1401 1970	1401 1401
1402 1971	1402 1402
1403 1972	1403 1402
1404 1974	1404 1404
1405 1975	1405 1405
1406 1976	1406 1406
1407 1977	1407 1406
1408 1979	1408 1408
1409 1980	1409 1409
1410 1981	1410 1410
1411 1982	1411 1410
1412 1983	1412 1411
1413 1985	1413 1413
1414 1986	1414 1414
1415 1987	1415 1415
1416 1988	1416 1415
1417 1990	1417 1417
1418 1991	1418 1418
1419 1992	1419 1419
1420 1993	1420 1419
1421 1995	1421 1421
1423 1996	1423 1422
1424 1997	1424 1423
1425 1998	1425 1423
1426 2000	1426 1425
1427 2001	1427 1426
1428 2002	1428 1427
1429 2003	1429 1428
1430 2005	1430 1429
1431 2006	1431 1430
1432 2007	1432 1431
1433 2008	1433 1432
1434 2009	1434 1432
1435 2011	1435 1434
1436 2012	1436 1435
1437 2013	1437 1436
1438 2014	1438 1436
1439 2016	1439 1438
1440 2017	1440 1439
1441 2018	1441 1440
1442 2019	1442 1441
1443 2021	1443 1442
1444 2022	1444 1443
1445 2023	1445 1444
1446 2024	1446 1445
1447 2025	1447 1445
1448 2027	1448 1447
1449 2028	1449 1448
1450 2029	1450 1449
1451 2030	1451 1450
1452 2032	1452 1451
1453 2033	1453 1452
1454 2034	1454 1453
1455 2035	1455 1454
1456 2036	1456 1454
1457 2038	1457 1456
1458 2039	1458 1457
1459 2040	1459 1458
1460 2041	1460 1459
1461 2043	1461 1460
1462 2044	1462 1461
1463 2045	1463 1462
1464 2046	1464 1463
1466 2047	1466 1463
1467 2049	1467 1465
1468 2050	1468 1466
1469 2051	1469 1467
1470 2052	1470 1468
1471 2054	1471 1469
1472 2055	1472 1470
1473 2056	1473 1471
1474 2057	1474 1472
1475 2058	1475 1473
1476 2060	1476 1474
1477 2061	1477 1475
1478 2062	1478 1476
1479 2063	1479 1477
1480 2064	1480 1477
1481 2066	1481 1479
1482 2067	1482 1480
1483 2068	1483 1481
1484 2069	1484 1482
1485 2071	1485 1483
1486 2072	1486 1484
1487 2073	1487 1485
1488 2074	1488 1486
1489 2075	1489 1487
1490 2077	1490 1488
1491 2078	1491 1489
1492 2079	1492 1490
1493 2080	1493 1491
1494 2081	1494 1492
1495 2083	1495 1493
1496 2084	1496 1494
1497 2085	1497 1495
1498 2086	1498 1496
1499 2088	1499 1497
1500 2089	1500 1498
1501 2090	1501 1499
1502 2091	1502 1500
1503 2092	1503 1501
1504 2094	1504 1502
1505 2095	1505 1503
1506 2096	1506 1504
1507 2097	1507 1505
1509 2098	1509 1506
1510 2100	1510 1507
1511 2101	1511 1508
1512 2102	1512 1509
1513 2103	1513 1510
1514 2104	1514 1511
1515 2106	1515 1512
1516 2107	1516 1513
1517 2108	1517 1514
1518 2109	1518 1515
1519 2110	1519 1516
1520 2112	1520 1517
1521 2113	1521 1518
1522 2114	1522 1519
1523 2115	1523 1520
1524 2116	1524 1521
1525 2118	1525 1522
1526 2119	1526 1523
1527 2120	1527 1524
1528 2121	1528 1525
1529 2122	1529 1526
1530 2124	1530 1528
1531 2125	1531 1528
1532 2126	1532 1529
1533 2127	1533 1530
1534 2128	1534 1531
1535 2130	1535 1533
1536 2131	1536 1533
1537 2132	1537 1534
1538 2133	1538 1535
1539 2134	1539 1536
1540 2135	1540 1537
1541 2137	1541 1538
1542 2138	1542 1539
1543 2139	1543 1540
1544 2140	1544 1541
1545 2141	1545 1542
1546 2143	1546 1544
1547 2144	1547 1544
1548 2145	1548 1545
1549 2146	1549 1546
1550 2147	1550 1547
1552 2149	1552 1549
1553 2150	1553 1550
1554 2151	1554 1550
1555 2152	1555 1551
1556 2153	1556 1552
1557 2154	1557 1553
1558 2156	1558 1555
1559 2157	1559 1555
1560 2158	1560 1556
1561 2159	1561 1557
1562 2160	1562 1558
1563 2162	1563 1560
1564 2163	1564 1561
1565 2164	1565 1561
1566 2165	1566 1562
1567 2166	1567 1563
1568 2167	1568 1564
1569 2169	1569 1566
1570 2170	1570 1567
1571 2171	1571 1567
1572 2172	1572 1568
1573 2173	1573 1569
1574 2175	1574 1571
1575 2176	1575 1572
1576 2177	1576 1573
1577 2178	1577 1573
1578 2179	1578 1574
1579 2180	1579 1575
1580 2182	1580 1577
1581 2183	1581 1578
1582 2184	1582 1579
1583 2185	1583 1579
1584 2186	1584 1580
1585 2187	1585 1581
1586 2189	1586 1583
1587 2190	1587 1584
1588 2191	1588 1585
1589 2192	1589 1585
1590 2193	1590 1586
1591 2195	1591 1588
1592 2196	1592 1589
1593 2197	1593 1590
1595 2198	1595 1591
1596 2199	1596 1591
1597 2200	1597 1592
1598 2202	1598 1594
1599 2203	1599 1595
1600 2204	1600 1596
1601 2205	1601 1597
1602 2206	1602 1597
1603 2207	1603 1598
1604 2209	1604 1600
1605 2210	1605 1601
1606 2211	1606 1602
1607 2212	1607 1603
1608 2213	1608 1604
1609 2214	1609 1604
1610 2216	1610 1606
1611 2217	1611 1607
1612 2218	1612 1608
1613 2219	1613 1609
1614 2220	1614 1610
1615 2221	1615 1611
1616 2222	1616 1611
1617 2224	1617 1613
1618 2225	1618 1614
1619 2226	1619 1615
1620 2227	1620 1616
1621 2228	1621 1617
1622 2229	1622 1617
1623 2231	1623 1619
1624 2232	1624 1620
1625 2233	1625 1621
1626 2234	1626 1622
1627 2235	1627 1623
1628 2236	1628 1624
1629 2238	1629 1625
1630 2239	1630 1626
1631 2240	1631 1627
1632 2241	1632 1628
1633 2242	1633 1629
1634 2243	1634 1630
1635 2244	1635 1631
1636 2246	1636 1632
1637 2247	1637 1633
1639 2248	1639 1634
1640 2249	1640 1635
1641 2250	1641 1636
1642 2251	1642 1637
1643 2253	1643 1638
1644 2254	1644 1639
1645 2255	1645 1640
1646 2256	1646 1641
1647 2257	1647 1642
1648 2258	1648 1643
1649 2259	1649 1644
1650 2261	1650 1646
1651 2262	1651 1646
1652 2263	1652 1647
1653 2264	1653 1648
1654 2265	1654 1649
1655 2266	1655 1650
1656 2267	1656 1651
1657 2269	1657 1653
1658 2270	1658 1653
1659 2271	1659 1654
1660 2272	1660 1655
1661 2273	1661 1656
1662 2274	1662 1657
1663 2275	1663 1658
1664 2277	1664 1660
1665 2278	1665 1661
1666 2279	1666 1661
1667 2280	1667 1662
1668 2281	1668 1663
1669 2282	1669 1664
1670 2283	1670 1665
1671 2285	1671 1667
1672 2286	1672 1668
1673 2287	1673 1669
1674 2288	1674 1669
1675 2289	1675 1670
1676 2290	1676 1671
1677 2291	1677 1672
1678 2293	1678 1674
1679 2294	1679 1675
1680 2295	1680 1676
1682 2296	1682 1677
1683 2297	1683 1677
1684 2298	1684 1678
1685 2299	1685 1679
1686 2300	1686 1680
1687 2302	1687 1682
1688 2303	1688 1683
1689 2304	1689 1684
1690 2305	1690 1685
1691 2306	1691 1686
1692 2307	1692 1686
1693 2308	1693 1687
1694 2310	1694 1689
1695 2311	1695 1690
1696 2312	1696 1691
1697 2313	1697 1692
1698 2314	1698 1693
1699 2315	1699 1694
1700 2316	1700 1695
1701 2317	1701 1695
1702 2319	1702 1697
1703 2320	1703 1698
1704 2321	1704 1699
1705 2322	1705 1700
1706 2323	1706 1701
1707 2324	1707 1702
1708 2325	1708 1703
1709 2326	1709 1704
1710 2328	1710 1705
1711 2329	1711 1706
1712 2330	1712 1707
1713 2331	1713 1708
1714 2332	1714 1709
1715 2333	1715 1710
1716 2334	1716 1711
1717 2335	1717 1712
1718 2336	1718 1713
1719 2338	1719 1714
1720 2339	1720 1715
1721 2340	1721 1716
1722 2341	1722 1717
1723 2342	1723 1718
1725 2343	1725 1719
1726 2344	1726 1720
1727 2345	1727 1721
1728 2347	1728 1723
1729 2348	1729 1724
1730 2349	1730 1724
1731 2350	1731 1725
1732 2351	1732 1726
1733 2352	1733 1727
1734 2353	1734 1728
1735 2354	1735 1729
1736 2355	1736 1730
1737 2357	1737 1732
1738 2358	1738 1733
1739 2359	1739 1734
1740 2360	1740 1734
1741 2361	1741 1735
1742 2362	1742 1736
1743 2363	1743 1737
1744 2364	1744 1738
1745 2365	1745 1739
1746 2367	1746 1741
1747 2368	1747 1742
1748 2369	1748 1743
1749 2370	1749 1744
1750 2371	1750 1745
1751 2372	1751 1746
1752 2373	1752 1746
1753 2374	1753 1747
1754 2375	1754 1748
1755 2377	1755 1750
1756 2378	1756 1751
1757 2379	1757 1752
1758 2380	1758 1753
1759 2381	1759 1754
1760 2382	1760 1755
1761 2383	1761 1756
1762 2384	1762 1757
1763 2385	1763 1758
1764 2386	1764 1758
1765 2388	1765 1760
1766 2389	1766 1761
1768 2390	1768 1762
1769 2391	1769 1763
1770 2392	1770 1764
1771 2393	1771 1765
1772 2394	1772 1766
1773 2395	1773 1767
1774 2396	1774 1768
1775 2397	1775 1769
1776 2399	1776 1770
1777 2400	1777 1771
1778 2401	1778 1772
1779 2402	1779 1773
1780 2403	1780 1774
1781 2404	1781 1775
1782 2405	1782 1776
1783 2406	1783 1777
1784 2407	1784 1778
1785 2408	1785 1779
1786 2409	1786 1780
1787 2411	1787 1782
1788 2412	1788 1783
1789 2413	1789 1784
1790 2414	1790 1784
1791 2415	1791 1785
1792 2416	1792 1786
1793 2417	1793 1787
1794 2418	1794 1788
1795 2419	1795 1789
1796 2420	1796 1790
1797 2421	1797 1791
1798 2423	1798 1793
1799 2424	1799 1794
1800 2425	1800 1795
1801 2426	1801 1796
1802 2427	1802 1797
1803 2428	1803 1798
1804 2429	1804 1799
1805 2430	1805 1800
1806 2431	1806 1800
1807 2432	1807 1801
1808 2433	1808 1802
1809 2434	1809 1803
1811 2436	1811 1805
1812 2437	1812 1806
1813 2438	1813 1807
1814 2439	1814 1808
1815 2440	1815 1809
1816 2441	1816 1810
1817 2442	1817 1811
1818 2443	1818 1812
1819 2444	1819 1813
1820 2445	1820 1814
1821 2446	1821 1815
1822 2447	1822 1816
1823 2448	1823 1817
1824 2450	1824 1818
1825 2451	1825 1819
1826 2452	1826 1820
1827 2453	1827 1821
1828 2454	1828 1822
1829 2455	1829 1823
1830 2456	1830 1824
1831 2457	1831 1825
1832 2458	1832 1826
1833 2459	1833 1827
1834 2460	1834 1828
1835 2461	1835 1829
1836 2462	1836 1830
1837 2463	1837 1831
1838 2465	1838 1833
1839 2466	1839 1834
1840 2467	1840 1835
1841 2468	1841 1836
1842 2469	1842 1837
1843 2470	1843 1838
1844 2471	1844 1838
1845 2472	1845 1839
1846 2473	1846 1840
1847 2474	1847 1841
1848 2475	1848 1842
1849 2476	1849 1843
1850 2477	1850 1844
1851 2478	1851 1845
1852 2479	1852 1846
1854 2481	1854 1848
1855 2482	1855 1849
1856 2483	1856 1850
1857 2484	1857 1851
1858 2485	1858 1852
1859 2486	1859 1853
1860 2487	1860 1854
1861 2488	1861 1855
1862 2489	1862 1856
1863 2490	1863 1857
1864 2491	1864 1858
1865 2492	1865 1859
1866 2493	1866 1860
1867 2494	1867 1861
1868 2495	1868 1862
1869 2496	1869 1863
1870 2497	1870 1864
1871 2499	1871 1866
1872 2500	1872 1866
1873 2501	1873 1867
1874 2502	1874 1868
1875 2503	1875 1869
1876 2504	1876 1870
1877 2505	1877 1871
1878 2506	1878 1872
1879 2507	1879 1873
1880 2508	1880 1874
1881 2509	1881 1875
1882 2510	1882 1876
1883 2511	1883 1877
1884 2512	1884 1878
1885 2513	1885 1879
1886 2514	1886 1880
1887 2515	1887 1881
1888 2516	1888 1882
1889 2517	1889 1883
1890 2519	1890 1885
1891 2520	1891 1886
1892 2521	1892 1887
1893 2522	1893 1888
1894 2523	1894 1889
1895 2524	1895 1890
1897 2525	1897 1891
1898 2526	1898 1892
1899 2527	1899 1893
1900 2528	1900 1894
1901 2529	1901 1895
1902 2530	1902 1896
1903 2531	1903 1897
1904 2532	1904 1898
1905 2533	1905 1899
1906 2534	1906 1900
1907 2535	1907 1901
1908 2536	1908 1902
1909 2537	1909 1903
1910 2538	1910 1904
1911 2539	1911 1905
1912 2540	1912 1906
1913 2541	1913 1907
1914 2543	1914 1909
1915 2544	1915 1910
1916 2545	1916 1911
1917 2546	1917 1912
1918 2547	1918 1913
1919 2548	1919 1914
1920 2549	1920 1915
1921 2550	1921 1916
1922 2551	1922 1917
1923 2552	1923 1918
1924 2553	1924 1919
1925 2554	1925 1920
1926 2555	1926 1921
1927 2556	1927 1922
1928 2557	1928 1923
1929 2558	1929 1924
1930 2559	1930 1925
1931 2560	1931 1926
1932 2561	1932 1927
1933 2562	1933 1928
1934 2563	1934 1929
1935 2564	1935 1930
1936 2565	1936 1931
1937 2566	1937 1932
1938 2567	1938 1933
1940 2568	1940 1934
1941 2569	1941 1935
1942 2570	1942 1936
1943 2571	1943 1937
1944 2572	1944 1938
1945 2573	1945 1939
1946 2574	1946 1940
1947 2575	1947 1941
1948 2577	1948 1943
1949 2578	1949 1944
1950 2579	1950 1945
1951 2580	1951 1946
1952 2581	1952 1947
1953 2582	1953 1948
1954 2583	1954 1949
1955 2584	1955 1950
1956 2585	1956 1951
1957 2586	1957 1952
1958 2587	1958 1953
1959 2588	1959 1954
1960 2589	1960 1955
1961 2590	1961 1956
1962 2591	1962 1957
1963 2592	1963 1958
1964 2593	1964 1959
1965 2594	1965 1960
1966 2595	1966 1961
1967 2596	1967 1962
1968 2597	1968 1963
1969 2598	1969 1964
1970 2599	1970 1965
1971 2600	1971 1966
1972 2601	1972 1967
1973 2602	1973 1968
1974 2603	1974 1969
1975 2604	1975 1970
1976 2605	1976 1971
1977 2606	1977 1972
1978 2607	1978 1973
1979 2608	1979 1974
1980 2609	1980 1975
1981 2610	1981 1976
1983 2611	1983 1977
1984 2612	1984 1978
1985 2613	1985 1979
1986 2614	1986 1980
1987 2615	1987 1981
1988 2616	1988 1982
1989 2617	1989 1983
1990 2618	1990 1984
1991 2619	1991 1985
1992 2620	1992 1986
1993 2621	1993 1987
1994 2622	1994 1988
1995 2623	1995 1989
1996 2624	1996 1990
1997 2625	1997 1991
1998 2626	1998 1992
1999 2627	1999 1993
2000 2628	2000 1995
2001 2629	2001 1996
2002 2630	2002 1997
2003 2631	2003 1998
2004 2632	2004 1999
2005 2633	2005 2000
2006 2634	2006 2001
2007 2635	2007 2002
2008 2636	2008 2003
2009 2637	2009 2004
2010 2638	2010 2005
2011 2639	2011 2006
2012 2640	2012 2007
2013 2641	2013 2008
2014 2642	2014 2009
2015 2643	2015 2010
2016 2644	2016 2011
2017 2645	2017 2012
2018 2646	2018 2013
2019 2647	2019 2014
2020 2648	2020 2015
2021 2649	2021 2016
2022 2650	2022 2017
2023 2651	2023 2018
2024 2652	2024 2019
2026 2653	2026 2020
2027 2654	2027 2021
2028 2655	2028 2023
2029 2656	2029 2024
2030 2657	2030 2025
2031 2658	2031 2026
2032 2659	2032 2027
2033 2660	2033 2028
2034 2661	2034 2029
2035 2662	2035 2030
2036 2663	2036 2031
2037 2664	2037 2032
2038 2665	2038 2033
2039 2666	2039 2034
2040 2667	2040 2035
2041 2668	2041 2036
2042 2669	2042 2037
2043 2670	2043 2038
2044 2671	2044 2039
2045 2672	2045 2040
2046 2673	2046 2041
2047 2674	2047 2042
2048 2675	2048 2044
2049 2676	2049 2045
2050 2677	2050 2046
2051 2678	2051 2047
2052 2679	2052 2048
2053 2680	2053 2049
2054 2681	2054 2050
2055 2682	2055 2051
2056 2683	2056 2052
2057 2684	2057 2053
2058 2685	2058 2054
2059 2686	2059 2055
2060 2687	2060 2056
2061 2688	2061 2057
2062 2688	2062 2057
2063 2689	2063 2058
2064 2690	2064 2059
2065 2691	2065 2060
2066 2692	2066 2062
2067 2693	2067 2063
2068 2694	2068 2064
2070 2695	2070 2065
2071 2696	2071 2066
2072 2697	2072 2067
2073 2698	2073 2068
2074 2699	2074 2069
2075 2700	2075 2070
2076 2701	2076 2071
2077 2702	2077 2072
2078 2703	2078 2073
2079 2704	2079 2074
2080 2705	2080 2075
2081 2706	2081 2076
2082 2707	2082 2078
2083 2708	2083 2079
2084 2709	2084 2080
2085 2710	2085 2081
2086 2711	2086 2082
2087 2712	2087 2083
2088 2713	2088 2084
2089 2714	2089 2085
2090 2715	2090 2086
2091 2716	2091 2087
2092 2717	2092 2088
2093 2718	2093 2089
2094 2719	2094 2090
2095 2719	2095 2090
2096 2720	2096 2092
2097 2721	2097 2093
2098 2722	2098 2094
2099 2723	2099 2095
2100 2724	2100 2096
2101 2725	2101 2097
2102 2726	2102 2098
2103 2727	2103 2099
2104 2728	2104 2100
2105 2729	2105 2101
2106 2730	2106 2102
2107 2731	2107 2103
2108 2732	2108 2104
2109 2733	2109 2106
2110 2734	2110 2107
2111 2735	2111 2108
2113 2736	2113 2109
2114 2737	2114 2110
2115 2738	2115 2111
2116 2739	2116 2112
2117 2740	2117 2113
2118 2741	2118 2114
2119 2741	2119 2114
2120 2742	2120 2115
2121 2743	2121 2116
2122 2744	2122 2118
2123 2745	2123 2119
2124 2746	2124 2120
2125 2747	2125 2121
2126 2748	2126 2122
2127 2749	2127 2123
2128 2750	2128 2124
2129 2751	2129 2125
2130 2752	2130 2126
2131 2753	2131 2127
2132 2754	2132 2128
2133 2755	2133 2130
2134 2756	2134 2131
2135 2757	2135 2132
2136 2758	2136 2133
2137 2759	2137 2134
2138 2760	2138 2135
2139 2760	2139 2135
2140 2761	2140 2136
2141 2762	2141 2137
2142 2763	2142 2138
2143 2764	2143 2139
2144 2765	2144 2141
2145 2766	2145 2142
2146 2767	2146 2143
2147 2768	2147 2144
2148 2769	2148 2145
2149 2770	2149 2146
2150 2771	2150 2147
2151 2772	2151 2148
2152 2773	2152 2149
2153 2774	2153 2151
2154 2775	2154 2152
2156 2775	2156 2152
2157 2776	2157 2153
2158 2777	2158 2154
2159 2778	2159 2155
2160 2779	2160 2156
2161 2780	2161 2157
2162 2781	2162 2158
2163 2782	2163 2159
2164 2783	2164 2161
2165 2784	2165 2162
2166 2785	2166 2163
2167 2786	2167 2164
2168 2787	2168 2165
2169 2788	2169 2166
2170 2789	2170 2167
2171 2790	2171 2168
2172 2790	2172 2168
2173 2791	2173 2169
2174 2792	2174 2171
2175 2793	2175 2172
2176 2794	2176 2173
2177 2795	2177 2174
2178 2796	2178 2175
2179 2797	2179 2176
2180 2798	2180 2177
2181 2799	2181 2178
2182 2800	2182 2180
2183 2801	2183 2181
2184 2802	2184 2182
2185 2802	2185 2182
2186 2803	2186 2183
2187 2804	2187 2184
2188 2805	2188 2185
2189 2806	2189 2186
2190 2807	2190 2187
2191 2808	2191 2189
2192 2809	2192 2190
2193 2810	2193 2191
2194 2811	2194 2192
2195 2812	2195 2193
2196 2813	2196 2194
2197 2814	2197 2195
2199 2814	2199 2195
2200 2815	2200 2197
2201 2816	2201 2198
2202 2817	2202 2199
2203 2818	2203 2200
2204 2819	2204 2201
2205 2820	2205 2202
2206 2821	2206 2203
2207 2822	2207 2204
2208 2823	2208 2206
2209 2824	2209 2207
2210 2825	2210 2208
2211 2825	2211 2208
2212 2826	2212 2209
2213 2827	2213 2210
2214 2828	2214 2211
2215 2829	2215 2212
2216 2830	2216 2214
2217 2831	2217 2215
2218 2832	2218 2216
2219 2833	2219 2217
2220 2834	2220 2218
2221 2835	2221 2219
2222 2836	2222 2220
2223 2836	2223 2220
2224 2837	2224 2222
2225 2838	2225 2223
2226 2839	2226 2224
2227 2840	2227 2225
2228 2841	2228 2226
2229 2842	2229 2227
2230 2843	2230 2228
2231 2844	2231 2230
2232 2845	2232 2231
2233 2845	2233 2231
2234 2846	2234 2232
2235 2847	2235 2233
2236 2848	2236 2234
2237 2849	2237 2235
2238 2850	2238 2237
2239 2851	2239 2238
2240 2852	2240 2239
2242 2853	2242 2240
2243 2854	2243 2241
2244 2855	2244 2242
2245 2855	2245 2242
2246 2856	2246 2243
2247 2857	2247 2245
2248 2858	2248 2246
2249 2859	2249 2247
2250 2860	2250 2248
2251 2861	2251 2249
2252 2862	2252 2250
2253 2863	2253 2252
2254 2863	2254 2252
2255 2864	2255 2253
2256 2865	2256 2254
2257 2866	2257 2255
2258 2867	2258 2256
2259 2868	2259 2257
2260 2869	2260 2259
2261 2870	2261 2260
2262 2871	2262 2261
2263 2872	2263 2262
2264 2872	2264 2262
2265 2873	2265 2263
2266 2874	2266 2264
2267 2875	2267 2266
2268 2876	2268 2267
2269 2877	2269 2268
2270 2878	2270 2269
2271 2879	2271 2270
2272 2880	2272 2271
2273 2880	2273 2271
2274 2881	2274 2273
2275 2882	2275 2274
2276 2883	2276 2275
2277 2884	2277 2276
2278 2885	2278 2277
2279 2886	2279 2278
2280 2887	2280 2280
2281 2888	2281 2281
2282 2888	2282 2281
2283 2889	2283 2282
2285 2890	2285 2283
2286 2891	2286 2284
2287 2892	2287 2286
2288 2893	2288 2287
2289 2894	2289 2288
2290 2895	2290 2289
2291 2895	2291 2289
2292 2896	2292 2290
2293 2897	2293 2291
2294 2898	2294 2293
2295 2899	2295 2294
2296 2900	2296 2295
2297 2901	2297 2296
2298 2902	2298 2297
2299 2903	2299 2299
2300 2903	2300 2299
2301 2904	2301 2300
2302 2905	2302 2301
2303 2906	2303 2302
2304 2907	2304 2303
2305 2908	2305 2305
2306 2909	2306 2306
2307 2910	2307 2307
2308 2910	2308 2307
2309 2911	2309 2308
2310 2912	2310 2309
2311 2913	2311 2311
2312 2914	2312 2312
2313 2915	2313 2313
2314 2916	2314 2314
2315 2917	2315 2315
2316 2917	2316 2315
2317 2918	2317 2316
2318 2919	2318 2318
2319 2920	2319 2319
2320 2921	2320 2320
2321 2922	2321 2321
2322 2923	2322 2322
2323 2923	2323 2322
2324 2924	2324 2324
2325 2925	2325 2325
2326 2926	2326 2326
2328 2927	2328 2327
2329 2928	2329 2328
2330 2929	2330 2330
2331 2930	2331 2331
2332 2930	2332 2331
2333 2931	2333 2332
2334 2932	2334 2333
2335 2933	2335 2335
2336 2934	2336 2336
2337 2935	2337 2337
2338 2936	2338 2338
2339 2936	2339 2338
2340 2937	2340 2339
2341 2938	2341 2341
2342 2939	2342 2342
2343 2940	2343 2343
2344 2941	2344 2344
2345 2942	2345 2345
2346 2942	2346 2345
2347 2943	2347 2347
2348 2944	2348 2348
2349 2945	2349 2349
2350 2946	2350 2350
2351 2947	2351 2352
2352 2948	2352 2353
2353 2948	2353 2353
2354 2949	2354 2354
2355 2950	2355 2355
2356 2951	2356 2356
2357 2952	2357 2358
2358 2953	2358 2359
2359 2954	2359 2360
2360 2954	2360 2360
2361 2955	2361 2361
2362 2956	2362 2362
2363 2957	2363 2364
2364 2958	2364 2365
2365 2959	2365 2366
2366 2960	2366 2367
2367 2960	2367 2367
2368 2961	2368 2369
2369 2962	2369 2370
2371 2963	2371 2371
2372 2964	2372 2372
2373 2965	2373 2374
2374 2966	2374 2375
2375 2966	2375 2375
2376 2967	2376 2376
2377 2968	2377 2377
2378 2969	2378 2378
2379 2970	2379 2380
2380 2971	2380 2381
2381 2971	2381 2381
2382 2972	2382 2382
2383 2973	2383 2383
2384 2974	2384 2385
2385 2975	2385 2386
2386 2976	2386 2387
2387 2977	2387 2388
2388 2977	2388 2388
2389 2978	2389 2390
2390 2979	2390 2391
2391 2980	2391 2392
2392 2981	2392 2393
2393 2982	2393 2395
2394 2982	2394 2395
2395 2983	2395 2396
2396 2984	2396 2397
2397 2985	2397 2398
2398 2986	2398 2400
2399 2987	2399 2401
2400 2987	2400 2401
2401 2988	2401 2402
2402 2989	2402 2403
2403 2990	2403 2404
2404 2991	2404 2406
2405 2992	2405 2407
2406 2992	2406 2407
2407 2993	2407 2408
2408 2994	2408 2409
2409 2995	2409 2411
2410 2996	2410 2412
2411 2997	2411 2413
2412 2997	2412 2413
2414 2998	2414 2414
2415 2999	2415 2416
2416 3000	2416 2417
2417 3001	2417 2418
2418 3002	2418 2420
2419 3002	2419 2420
2420 3003	2420 2421
2421 3004	2421 2422
2422 3005	2422 2423
2423 3006	2423 2425
2424 3007	2424 2426
2425 3007	2425 2426
2426 3008	2426 2427
2427 3009	2427 2428
2428 3010	2428 2430
2429 3011	2429 2431
2430 3012	2430 2432
2431 3012	2431 2432
2432 3013	2432 2433
2433 3014	2433 2435
2434 3015	2434 2436
2435 3016	2435 2437
2436 3017	2436 2438
2437 3017	2437 2438
2438 3018	2438 2440
2439 3019	2439 2441
2440 3020	2440 2442
2441 3021	2441 2443
2442 3021	2442 2443
2443 3022	2443 2445
2444 3023	2444 2446
2445 3024	2445 2447
2446 3025	2446 2449
2447 3026	2447 2450
2448 3026	2448 2450
2449 3027	2449 2451
2450 3028	2450 2452
2451 3029	2451 2454
2452 3030	2452 2455
2453 3030	2453 2455
2454 3031	2454 2456
2455 3032	2455 2457
2457 3033	2457 2459
2458 3034	2458 2460
2459 3035	2459 2461
2460 3035	2460 2461
2461 3036	2461 2463
2462 3037	2462 2464
2463 3038	2463 2465
2464 3039	2464 2466
2465 3039	2465 2466
2466 3040	2466 2468
2467 3041	2467 2469
2468 3042	2468 2470
2469 3043	2469 2472
2470 3044	2470 2473
2471 3044	2471 2473
2472 3045	2472 2474
2473 3046	2473 2475
2474 3047	2474 2477
2475 3048	2475 2478
2476 3048	2476 2478
2477 3049	2477 2479
2478 3050	2478 2481
2479 3051	2479 2482
2480 3052	2480 2483
2481 3052	2481 2483
2482 3053	2482 2484
2483 3054	2483 2486
2484 3055	2484 2487
2485 3056	2485 2488
2486 3056	2486 2488
2487 3057	2487 2490
2488 3058	2488 2491
2489 3059	2489 2492
2490 3060	2490 2494
2491 3060	2491 2494
2492 3061	2492 2495
2493 3062	2493 2496
2494 3063	2494 2497
2495 3064	2495 2499
2496 3064	2496 2499
2497 3065	2497 2500
2498 3066	2498 2501
2499 3067	2499 2503
2501 3068	2501 2504
2502 3068	2502 2504
2503 3069	2503 2505
2504 3070	2504 2507
2505 3071	2505 2508
2506 3072	2506 2509
2507 3072	2507 2509
2508 3073	2508 2510
2509 3074	2509 2512
2510 3075	2510 2513
2511 3076	2511 2514
2512 3076	2512 2514
2513 3077	2513 2516
2514 3078	2514 2517
2515 3079	2515 2518
2516 3080	2516 2520
2517 3080	2517 2520
2518 3081	2518 2521
2519 3082	2519 2522
2520 3083	2520 2524
2521 3084	2521 2525
2522 3084	2522 2525
2523 3085	2523 2526
2524 3086	2524 2528
2525 3087	2525 2529
2526 3087	2526 2529
2527 3088	2527 2530
2528 3089	2528 2532
2529 3090	2529 2533
2530 3091	2530 2534
2531 3091	2531 2534
2532 3092	2532 2535
2533 3093	2533 2537
2534 3094	2534 2538
2535 3095	2535 2539
2536 3095	2536 2539
2537 3096	2537 2541
2538 3097	2538 2542
2539 3098	2539 2543
2540 3099	2540 2545
2541 3099	2541 2545
2542 3100	2542 2546
2544 3101	2544 2547
2545 3102	2545 2549
2546 3102	2546 2549
2547 3103	2547 2550
2548 3104	2548 2551
2549 3105	2549 2553
2550 3106	2550 2554
2551 3106	2551 2554
2552 3107	2552 2555
2553 3108	2553 2557
2554 3109	2554 2558
2555 3109	2555 2558
2556 3110	2556 2559
2557 3111	2557 2561
2558 3112	2558 2562
2559 3113	2559 2563
2560 3113	2560 2563
2561 3114	2561 2565
2562 3115	2562 2566
2563 3116	2563 2567
2564 3116	2564 2567
2565 3117	2565 2569
2566 3118	2566 2570
2567 3119	2567 2571
2568 3120	2568 2573
2569 3120	2569 2573
2570 3121	2570 2574
2571 3122	2571 2576
2572 3123	2572 2577
2573 3123	2573 2577
2574 3124	2574 2578
2575 3125	2575 2580
2576 3126	2576 2581
2577 3126	2577 2581
2578 3127	2578 2582
2579 3128	2579 2584
2580 3129	2580 2585
2581 3130	2581 2586
2582 3130	2582 2586
2583 3131	2583 2588
2584 3132	2584 2589
2585 3133	2585 2590
2587 3133	2587 2590
2588 3134	2588 2592
2589 3135	2589 2593
2590 3136	2590 2594
2591 3136	2591 2594
2592 3137	2592 2596
2593 3138	2593 2597
2594 3139	2594 2599
2595 3140	2595 2600
2596 3140	2596 2600
2597 3141	2597 2601
2598 3142	2598 2603
2599 3143	2599 2604
2600 3143	2600 2604
2601 3144	2601 2605
2602 3145	2602 2607
2603 3146	2603 2608
2604 3146	2604 2608
2605 3147	2605 2609
2606 3148	2606 2611
2607 3149	2607 2612
2608 3149	2608 2612
2609 3150	2609 2614
2610 3151	2610 2615
2611 3152	2611 2616
2612 3152	2612 2616
2613 3153	2613 2618
2614 3154	2614 2619
2615 3155	2615 2620
2616 3155	2616 2620
2617 3156	2617 2622
2618 3157	2618 2623
2619 3158	2619 2625
2620 3158	2620 2625
2621 3159	2621 2626
2622 3160	2622 2627
2623 3161	2623 2629
2624 3161	2624 2629
2625 3162	2625 2630
2626 3163	2626 2631
2627 3164	2627 2633
2628 3165	2628 2634
2630 3165	2630 2634
2631 3166	2631 2636
2632 3167	2632 2637
2633 3168	2633 2638
2634 3168	2634 2638
2635 3169	2635 2640
2636 3170	2636 2641
2637 3171	2637 2642
2638 3171	2638 2642
2639 3172	2639 2644
2640 3173	2640 2645
2641 3173	2641 2645
2642 3174	2642 2647
2643 3175	2643 2648
2644 3176	2644 2649
2645 3176	2645 2649
2646 3177	2646 2651
2647 3178	2647 2652
2648 3179	2648 2654
2649 3179	2649 2654
2650 3180	2650 2655
2651 3181	2651 2656
2652 3182	2652 2658
2653 3182	2653 2658
2654 3183	2654 2659
2655 3184	2655 2661
2656 3185	2656 2662
2657 3185	2657 2662
2658 3186	2658 2663
2659 3187	2659 2665
2660 3188	2660 2666
2661 3188	2661 2666
2662 3189	2662 2668
2663 3190	2663 2669
2664 3191	2664 2670
2665 3191	2665 2670
2666 3192	2666 2672
2667 3193	2667 2673
2668 3194	2668 2675
2669 3194	2669 2675
2670 3195	2670 2676
2671 3196	2671 2677
2673 3196	2673 2677
2674 3197	2674 2679
2675 3198	2675 2680
2676 3199	2676 2682
2677 3199	2677 2682
2678 3200	2678 2683
2679 3201	2679 2684
2680 3202	2680 2686
2681 3202	2681 2686
2682 3203	2682 2687
2683 3204	2683 2689
2684 3205	2684 2690
2685 3205	2685 2690
2686 3206	2686 2691
2687 3207	2687 2693
2688 3207	2688 2693
2689 3208	2689 2694
2690 3209	2690 2696
2691 3210	2691 2697
2692 3210	2692 2697
2693 3211	2693 2699
2694 3212	2694 2700
2695 3213	2695 2701
2696 3213	2696 2701
2697 3214	2697 2703
2698 3215	2698 2704
2699 3215	2699 2704
2700 3216	2700 2706
2701 3217	2701 2707
2702 3218	2702 2709
2703 3218	2703 2709
2704 3219	2704 2710
2705 3220	2705 2711
2706 3221	2706 2713
2707 3221	2707 2713
2708 3222	2708 2714
2709 3223	2709 2716
2710 3223	2710 2716
2711 3224	2711 2717
2712 3225	2712 2719
2713 3226	2713 2720
2714 3226	2714 2720
2716 3227	2716 2721
2717 3228	2717 2723
2718 3228	2718 2723
2719 3229	2719 2724
2720 3230	2720 2726
2721 3231	2721 2727
2722 3231	2722 2727
2723 3232	2723 2729
2724 3233	2724 2730
2725 3234	2725 2731
2726 3234	2726 2731
2727 3235	2727 2733
2728 3236	2728 2734
2729 3236	2729 2734
2730 3237	2730 2736
2731 3238	2731 2737
2732 3239	2732 2739
2733 3239	2733 2739
2734 3240	2734 2740
2735 3241	2735 2742
2736 3241	2736 2742
2737 3242	2737 2743
2738 3243	2738 2744
2739 3244	2739 2746
2740 3244	2740 2746
2741 3245	2741 2747
2742 3246	2742 2749
2743 3246	2743 2749
2744 3247	2744 2750
2745 3248	2745 2752
2746 3249	2746 2753
2747 3249	2747 2753
2748 3250	2748 2755
2749 3251	2749 2756
2750 3251	2750 2756
2751 3252	2751 2758
2752 3253	2752 2759
2753 3253	2753 2759
2754 3254	2754 2760
2755 3255	2755 2762
2756 3256	2756 2763
2757 3256	2757 2763
2759 3257	2759 2765
2760 3258	2760 2766
2761 3258	2761 2766
2762 3259	2762 2768
2763 3260	2763 2769
2764 3261	2764 2771
2765 3261	2765 2771
2766 3262	2766 2772
2767 3263	2767 2774
2768 3263	2768 2774
2769 3264	2769 2775
2770 3265	2770 2776
2771 3265	2771 2776
2772 3266	2772 2778
2773 3267	2773 2779
2774 3268	2774 2781
2775 3268	2775 2781
2776 3269	2776 2782
2777 3270	2777 2784
2778 3270	2778 2784
2779 3271	2779 2785
2780 3272	2780 2787
2781 3272	2781 2787
2782 3273	2782 2788
2783 3274	2783 2790
2784 3275	2784 2791
2785 3275	2785 2791
2786 3276	2786 2793
2787 3277	2787 2794
2788 3277	2788 2794
2789 3278	2789 2796
2790 3279	2790 2797
2791 3279	2791 2797
2792 3280	2792 2799
2793 3281	2793 2800
2794 3282	2794 2802
2795 3282	2795 2802
2796 3283	2796 2803
2797 3284	2797 2805
2798 3284	2798 2805
2799 3285	2799 2806
2800 3286	2800 2808
2802 3286	2802 2808
2803 3287	2803 2809
2804 3288	2804 2810
2805 3288	2805 2810
2806 3289	2806 2812
2807 3290	2807 2813
2808 3290	2808 2813
2809 3291	2809 2815
2810 3292	2810 2816
2811 3293	2811 2818
2812 3293	2812 2818
2813 3294	2813 2819
2814 3295	2814 2821
2815 3295	2815 2821
2816 3296	2816 2822
2817 3297	2817 2824
2818 3297	2818 2824
2819 3298	2819 2825
2820 3299	2820 2827
2821 3299	2821 2827
2822 3300	2822 2828
2823 3301	2823 2830
2824 3301	2824 2830
2825 3302	2825 2831
2826 3303	2826 2833
2827 3304	2827 2834
2828 3304	2828 2834
2829 3305	2829 2836
2830 3306	2830 2837
2831 3306	2831 2837
2832 3307	2832 2839
2833 3308	2833 2840
2834 3308	2834 2840
2835 3309	2835 2842
2836 3310	2836 2843
2837 3310	2837 2843
2838 3311	2838 2845
2839 3312	2839 2846
2840 3312	2840 2846
2841 3313	2841 2848
2842 3314	2842 2849
2843 3314	2843 2849
2845 3315	2845 2851
2846 3316	2846 2852
2847 3316	2847 2852
2848 3317	2848 2854
2849 3318	2849 2856
2850 3318	2850 2856
2851 3319	2851 2857
2852 3320	2852 2859
2853 3321	2853 2860
2854 3321	2854 2860
2855 3322	2855 2862
2856 3323	2856 2863
2857 3323	2857 2863
2858 3324	2858 2865
2859 3325	2859 2866
2860 3325	2860 2866
2861 3326	2861 2868
2862 3327	2862 2869
2863 3327	2863 2869
2864 3328	2864 2871
2865 3329	2865 2872
2866 3329	2866 2872
2867 3330	2867 2874
2868 3331	2868 2875
2869 3331	2869 2875
2870 3332	2870 2877
2871 3333	2871 2878
2872 3333	2872 2878
2873 3334	2873 2880
2874 3335	2874 2881
2875 3335	2875 2881
2876 3336	2876 2883
2877 3337	2877 2884
2878 3337	2878 2884
2879 3338	2879 2886
2880 3339	2880 2888
2881 3339	2881 2888
2882 3340	2882 2889
2883 3341	2883 2891
2884 3341	2884 2891
2885 3342	2885 2892
2886 3343	2886 2894
2887 3343	2887 2894
2889 3344	2889 2895
2890 3345	2890 2897
2891 3345	2891 2897
2892 3346	2892 2898
2893 3347	2893 2900
2894 3347	2894 2900
2895 3348	2895 2901
2896 3349	2896 2903
2897 3349	2897 2903
2898 3350	2898 2904
2899 3351	2899 2906
2900 3351	2900 2906
2901 3352	2901 2908
2902 3353	2902 2909
2903 3353	2903 2909
2904 3354	2904 2911
2905 3355	2905 2912
2906 3355	2906 2912
2907 3356	2907 2914
2908 3357	2908 2915
2909 3357	2909 2915
2910 3358	2910 2917
2911 3358	2911 2917
2912 3359	2912 2918
2913 3360	2913 2920
2914 3360	2914 2920
2915 3361	2915 2922
2916 3362	2916 2923
2917 3362	2917 2923
2918 3363	2918 2925
2919 3364	2919 2926
2920 3364	2920 2926
2921 3365	2921 2928
2922 3366	2922 2929
2923 3366	2923 2929
2924 3367	2924 2931
2925 3368	2925 2932
2926 3368	2926 2932
2927 3369	2927 2934
2928 3370	2928 2936
2929 3370	2929 2936
2930 3371	2930 2937
2932 3372	2932 2939
2933 3372	2933 2939
2934 3373	2934 2940
2935 3374	2935 2942
2936 3374	2936 2942
2937 3375	2937 2943
2938 3375	2938 2943
2939 3376	2939 2945
2940 3377	2940 2947
2941 3377	2941 2947
2942 3378	2942 2948
2943 3379	2943 2950
2944 3379	2944 2950
2945 3380	2945 2951
2946 3381	2946 2953
2947 3381	2947 2953
2948 3382	2948 2954
2949 3383	2949 2956
2950 3383	2950 2956
2951 3384	2951 2958
2952 3385	2952 2959
2953 3385	2953 2959
2954 3386	2954 2961
2955 3386	2955 2961
2956 3387	2956 2962
2957 3388	2957 2964
2958 3388	2958 2964
2959 3389	2959 2966
2960 3390	2960 2967
2961 3390	2961 2967
2962 3391	2962 2969
2963 3392	2963 2970
2964 3392	2964 2970
2965 3393	2965 2972
2966 3394	2966 2973
2967 3394	2967 2973
2968 3395	2968 2975
2969 3395	2969 2975
2970 3396	2970 2977
2971 3397	2971 2978
2972 3397	2972 2978
2973 3398	2973 2980
2975 3399	2975 2981
2976 3399	2976 2981
2977 3400	2977 2983
2978 3401	2978 2985
2979 3401	2979 2985
2980 3402	2980 2986
2981 3402	2981 2986
2982 3403	2982 2988
2983 3404	2983 2989
2984 3404	2984 2989
2985 3405	2985 2991
2986 3406	2986 2993
2987 3406	2987 2993
2988 3407	2988 2994
2989 3408	2989 2996
2990 3408	2990 2996
2991 3409	2991 2997
2992 3409	2992 2997
2993 3410	2993 2999
2994 3411	2994 3001
2995 3411	2995 3001
2996 3412	2996 3002
2997 3413	2997 3004
2998 3413	2998 3004
2999 3414	2999 3005
3000 3414	3000 3005
3001 3415	3001 3007
3002 3416	3002 3009
3003 3416	3003 3009
3004 3417	3004 3010
3005 3418	3005 3012
3006 3418	3006 3012
3007 3419	3007 3013
3008 3420	3008 3015
3009 3420	3009 3015
3010 3421	3010 3017
3011 3421	3011 3017
3012 3422	3012 3018
3013 3423	3013 3020
3014 3423	3014 3020
3015 3424	3015 3022
3016 3425	3016 3023
3018 3425	3018 3023
3019 3426	3019 3025
3020 3426	3020 3025
3021 3427	3021 3026
3022 3428	3022 3028
3023 3428	3023 3028
3024 3429	3024 3030
3025 3430	3025 3031
3026 3430	3026 3031
3027 3431	3027 3033
3028 3431	3028 3033
3029 3432	3029 3035
3030 3433	3030 3036
3031 3433	3031 3036
3032 3434	3032 3038
3033 3435	3033 3039
3034 3435	3034 3039
3035 3436	3035 3041
3036 3436	3036 3041
3037 3437	3037 3043
3038 3438	3038 3044
3039 3438	3039 3044
3040 3439	3040 3046
3041 3439	3041 3046
3042 3440	3042 3048
3043 3441	3043 3049
3044 3441	3044 3049
3045 3442	3045 3051
3046 3443	3046 3052
3047 3443	3047 3052
3048 3444	3048 3054
3049 3444	3049 3054
3050 3445	3050 3056
3051 3446	3051 3057
3052 3446	3052 3057
3053 3447	3053 3059
3054 3448	3054 3061
3055 3448	3055 3061
3056 3449	3056 3062
3057 3449	3057 3062
3058 3450	3058 3064
3059 3451	3059 3066
3061 3451	3061 3066
3062 3452	3062 3067
3063 3452	3063 3067
3064 3453	3064 3069
3065 3454	3065 3071
3066 3454	3066 3071
3067 3455	3067 3072
3068 3455	3068 3072
3069 3456	3069 3074
3070 3457	3070 3076
3071 3457	3071 3076
3072 3458	3072 3077
3073 3459	3073 3079
3074 3459	3074 3079
3075 3460	3075 3080
3076 3460	3076 3080
3077 3461	3077 3082
3078 3462	3078 3084
3079 3462	3079 3084
3080 3463	3080 3085
3081 3463	3081 3085
3082 3464	3082 3087
3083 3465	3083 3089
3084 3465	3084 3089
3085 3466	3085 3090
3086 3466	3086 3090
3087 3467	3087 3092
3088 3468	3088 3094
3089 3468	3089 3094
3090 3469	3090 3095
3091 3469	3091 3095
3092 3470	3092 3097
3093 3471	3093 3099
3094 3471	3094 3099
3095 3472	3095 3100
3096 3473	3096 3102
3097 3473	3097 3102
3098 3474	3098 3104
3099 3474	3099 3104
3100 3475	3100 3105
3101 3476	3101 3107
3102 3476	3102 3107
3104 3477	3104 3109
3105 3477	3105 3109
3106 3478	3106 3110
3107 3479	3107 3112
3108 3479	3108 3112
3109 3480	3109 3114
3110 3480	3110 3114
3111 3481	3111 3115
3112 3482	3112 3117
3113 3482	3113 3117
3114 3483	3114 3119
3115 3483	3115 3119
3116 3484	3116 3121
3117 3485	3117 3122
3118 3485	3118 3122
3119 3486	3119 3124
3120 3486	3120 3124
3121 3487	3121 3126
3122 3488	3122 3127
3123 3488	3123 3127
3124 3489	3124 3129
3125 3489	3125 3129
3126 3490	3126 3131
3127 3491	3127 3132
3128 3491	3128 3132
3129 3492	3129 3134
3130 3492	3130 3134
3131 3493	3131 3136
3132 3494	3132 3137
3133 3494	3133 3137
3134 3495	3134 3139
3135 3495	3135 3139
3136 3496	3136 3141
3137 3497	3137 3142
3138 3497	3138 3142
3139 3498	3139 3144
3140 3498	3140 3144
3141 3499	3141 3146
3142 3499	3142 3146
3143 3500	3143 3148
3144 3501	3144 3149
3145 3501	3145 3149
3147 3502	3147 3151
3148 3502	3148 3151
3149 3503	3149 3153
3150 3504	3150 3154
3151 3504	3151 3154
3152 3505	3152 3156
3153 3505	3153 3156
3154 3506	3154 3158
3155 3507	3155 3159
3156 3507	3156 3159
3157 3508	3157 3161
3158 3508	3158 3161
3159 3509	3159 3163
3160 3510	3160 3165
3161 3510	3161 3165
3162 3511	3162 3166
3163 3511	3163 3166
3164 3512	3164 3168
3165 3512	3165 3168
3166 3513	3166 3170
3167 3514	3167 3171
3168 3514	3168 3171
3169 3515	3169 3173
3170 3515	3170 3173
3171 3516	3171 3175
3172 3517	3172 3177
3173 3517	3173 3177
3174 3518	3174 3178
3175 3518	3175 3178
3176 3519	3176 3180
3177 3519	3177 3180
3178 3520	3178 3182
3179 3521	3179 3183
3180 3521	3180 3183
3181 3522	3181 3185
3182 3522	3182 3185
3183 3523	3183 3187
3184 3524	3184 3189
3185 3524	3185 3189
3186 3525	3186 3190
3187 3525	3187 3190
3188 3526	3188 3192
3190 3526	3190 3192
3191 3527	3191 3194
3192 3528	3192 3196
3193 3528	3193 3196
3194 3529	3194 3197
3195 3529	3195 3197
3196 3530	3196 3199
3197 3531	3197 3201
3198 3531	3198 3201
3199 3532	3199 3202
3200 3532	3200 3202
3201 3533	3201 3204
3202 3533	3202 3204
3203 3534	3203 3206
3204 3535	3204 3208
3205 3535	3205 3208
3206 3536	3206 3209
3207 3536	3207 3209
3208 3537	3208 3211
3209 3538	3209 3213
3210 3538	3210 3213
3211 3539	3211 3215
3212 3539	3212 3215
3213 3540	3213 3216
3214 3540	3214 3216
3215 3541	3215 3218
3216 3542	3216 3220
3217 3542	3217 3220
3218 3543	3218 3222
3219 3543	3219 3222
3220 3544	3220 3223
3221 3544	3221 3223
3222 3545	3222 3225
3223 3546	3223 3227
3224 3546	3224 3227
3225 3547	3225 3229
3226 3547	3226 3229
3227 3548	3227 3230
3228 3548	3228 3230
3229 3549	3229 3232
3230 3550	3230 3234
3231 3550	3231 3234
3233 3551	3233 3236
3234 3551	3234 3236
3235 3552	3235 3237
3236 3552	3236 3237
3237 3553	3237 3239
3238 3554	3238 3241
3239 3554	3239 3241
3240 3555	3240 3243
3241 3555	3241 3243
3242 3556	3242 3244
3243 3556	3243 3244
3244 3557	3244 3246
3245 3558	3245 3248
3246 3558	3246 3248
3247 3559	3247 3250
3248 3559	3248 3250
3249 3560	3249 3251
3250 3560	3250 3251
3251 3561	3251 3253
3252 3562	3252 3255
3253 3562	3253 3255
3254 3563	3254 3257
3255 3563	3255 3257
3256 3564	3256 3258
3257 3564	3257 3258
3258 3565	3258 3260
3259 3566	3259 3262
3260 3566	3260 3262
3261 3567	3261 3264
3262 3567	3262 3264
3263 3568	3263 3266
3264 3568	3264 3266
3265 3569	3265 3267
3266 3569	3266 3267
3267 3570	3267 3269
3268 3571	3268 3271
3269 3571	3269 3271
3270 3572	3270 3273
3271 3572	3271 3273
3272 3573	3272 3274
3273 3573	3273 3274
3274 3574	3274 3276
3276 3575	3276 3278
3277 3575	3277 3278
3278 3576	3278 3280
3279 3576	3279 3280
3280 3577	3280 3282
3281 3577	3281 3282
3282 3578	3282 3283
3283 3578	3283 3283
3284 3579	3284 3285
3285 3580	3285 3287
3286 3580	3286 3287
3287 3581	3287 3289
3288 3581	3288 3289
3289 3582	3289 3290
3290 3582	3290 3290
3291 3583	3291 3292
3292 3584	3292 3294
3293 3584	3293 3294
3294 3585	3294 3296
3295 3585	3295 3296
3296 3586	3296 3298
3297 3586	3297 3298
3298 3587	3298 3299
3299 3587	3299 3299
3300 3588	3300 3301
3301 3589	3301 3303
3302 3589	3302 3303
3303 3590	3303 3305
3304 3590	3304 3305
3305 3591	3305 3307
3306 3591	3306 3307
3307 3592	3307 3308
3308 3592	3308 3308
3309 3593	3309 3310
3310 3594	3310 3312
3311 3594	3311 3312
3312 3595	3312 3314
3313 3595	3313 3314
3314 3596	3314 3316
3315 3596	3315 3316
3316 3597	3316 3317
3317 3597	3317 3317
3318 3598	3318 3319
3320 3599	3320 3321
3321 3599	3321 3321
3322 3600	3322 3323
3323 3600	3323 3323
3324 3601	3324 3325
3325 3601	3325 3325
3326 3602	3326 3326
3327 3602	3327 3326
3328 3603	3328 3328
3329 3604	3329 3330
3330 3604	3330 3330
3331 3605	3331 3332
3332 3605	3332 3332
3333 3606	3333 3334
3334 3606	3334 3334
3335 3607	3335 3336
3336 3607	3336 3336
3337 3608	3337 3337
3338 3608	3338 3337
3339 3609	3339 3339
3340 3610	3340 3341
3341 3610	3341 3341
3342 3611	3342 3343
3343 3611	3343 3343
3344 3612	3344 3345
3345 3612	3345 3345
3346 3613	3346 3346
3347 3613	3347 3346
3348 3614	3348 3348
3349 3615	3349 3350
3350 3615	3350 3350
3351 3616	3351 3352
3352 3616	3352 3352
3353 3617	3353 3354
3354 3617	3354 3354
3355 3618	3355 3356
3356 3618	3356 3356
3357 3619	3357 3357
3358 3619	3358 3357
3359 3620	3359 3359
3360 3621	3360 3361
3361 3621	3361 3361
3363 3622	3363 3363
3364 3622	3364 3363
3365 3623	3365 3365
3366 3623	3366 3365
3367 3624	3367 3367
3368 3624	3368 3367
3369 3625	3369 3368
3370 3625	3370 3368
3371 3626	3371 3370
3372 3627	3372 3372
3373 3627	3373 3372
3374 3628	3374 3374
3375 3628	3375 3374
3376 3629	3376 3376
3377 3629	3377 3376
3378 3630	3378 3378
3379 3630	3379 3378
3380 3631	3380 3379
3381 3631	3381 3379
3382 3632	3382 3381
3383 3633	3383 3383
3384 3633	3384 3383
3385 3634	3385 3385
3386 3634	3386 3385
3387 3635	3387 3387
3388 3635	3388 3387
3389 3636	3389 3389
3390 3636	3390 3389
3391 3637	3391 3391
3392 3637	3392 3391
3393 3638	3393 3392
3394 3638	3394 3392
3395 3639	3395 3394
3396 3640	3396 3396
3397 3640	3397 3396
3398 3641	3398 3398
3399 3641	3399 3398
3400 3642	3400 3400
3401 3642	3401 3400
3402 3643	3402 3402
3403 3643	3403 3402
3404 3644	3404 3404
3406 3644	3406 3404
3407 3645	3407 3405
3408 3645	3408 3405
3409 3646	3409 3407
3410 3647	3410 3409
3411 3647	3411 3409
3412 3648	3412 3411
3413 3648	3413 3411
3414 3649	3414 3413
3415 3649	3415 3413
3416 3650	3416 3415
3417 3650	3417 3415
3418 3651	3418 3417
3419 3651	3419 3417
3420 3652	3420 3418
3421 3652	3421 3418
3422 3653	3422 3420
3423 3654	3423 3422
3424 3654	3424 3422
3425 3655	3425 3424
3426 3655	3426 3424
3427 3656	3427 3426
3428 3656	3428 3426
3429 3657	3429 3428
3430 3657	3430 3428
3431 3658	3431 3430
3432 3658	3432 3430
3433 3659	3433 3432
3434 3659	3434 3432
3435 3660	3435 3433
3436 3660	3436 3433
3437 3661	3437 3435
3438 3662	3438 3437
3439 3662	3439 3437
3440 3663	3440 3439
3441 3663	3441 3439
3442 3664	3442 3441
3443 3664	3443 3441
3444 3665	3444 3443
3445 3665	3445 3443
3446 3666	3446 3445
3447 3666	3447 3445
3449 3667	3449 3447
3450 3667	3450 3447
3451 3668	3451 3449
3452 3668	3452 3449
3453 3669	3453 3450
3454 3670	3454 3452
3455 3670	3455 3452
3456 3671	3456 3454
3457 3671	3457 3454
3458 3672	3458 3456
3459 3672	3459 3456
3460 3673	3460 3458
3461 3673	3461 3458
3462 3674	3462 3460
3463 3674	3463 3460
3464 3675	3464 3462
3465 3675	3465 3462
3466 3676	3466 3464
3467 3676	3467 3464
3468 3677	3468 3466
3469 3677	3469 3466
3470 3678	3470 3467
3471 3679	3471 3469
3472 3679	3472 3469
3473 3680	3473 3471
3474 3680	3474 3471
3475 3681	3475 3473
3476 3681	3476 3473
3477 3682	3477 3475
3478 3682	3478 3475
3479 3683	3479 3477
3480 3683	3480 3477
3481 3684	3481 3479
3482 3684	3482 3479
3483 3685	3483 3481
3484 3685	3484 3481
3485 3686	3485 3483
3486 3686	3486 3483
3487 3687	3487 3485
3488 3687	3488 3485
3489 3688	3489 3487
3490 3689	3490 3488
3492 3689	3492 3488
3493 3690	3493 3490
3494 3690	3494 3490
3495 3691	3495 3492
3496 3691	3496 3492
3497 3692	3497 3494
3498 3692	3498 3494
3499 3693	3499 3496
3500 3693	3500 3496
3501 3694	3501 3498
3502 3694	3502 3498
3503 3695	3503 3500
3504 3695	3504 3500
3505 3696	3505 3502
3506 3696	3506 3502
3507 3697	3507 3504
3508 3697	3508 3504
3509 3698	3509 3506
3510 3698	3510 3506
3511 3699	3511 3508
3512 3700	3512 3510
3513 3700	3513 3510
3514 3701	3514 3512
3515 3701	3515 3512
3516 3702	3516 3513
3517 3702	3517 3513
3518 3703	3518 3515
3519 3703	3519 3515
3520 3704	3520 3517
3521 3704	3521 3517
3522 3705	3522 3519
3523 3705	3523 3519
3524 3706	3524 3521
3525 3706	3525 3521
3526 3707	3526 3523
3527 3707	3527 3523
3528 3708	3528 3525
3529 3708	3529 3525
3530 3709	3530 3527
3531 3709	3531 3527
3532 3710	3532 3529
3533 3710	3533 3529
3535 3711	3535 3531
3536 3711	3536 3531
3537 3712	3537 3533
3538 3713	3538 3535
3539 3713	3539 3535
3540 3714	3540 3537
3541 3714	3541 3537
3542 3715	3542 3539
3543 3715	3543 3539
3544 3716	3544 3541
3545 3716	3545 3541
3546 3717	3546 3543
3547 3717	3547 3543
3548 3718	3548 3545
3549 3718	3549 3545
3550 3719	3550 3546
3551 3719	3551 3546
3552 3720	3552 3548
3553 3720	3553 3548
3554 3721	3554 3550
3555 3721	3555 3550
3556 3722	3556 3552
3557 3722	3557 3552
3558 3723	3558 3554
3559 3723	3559 3554
3560 3724	3560 3556
3561 3724	3561 3556
3562 3725	3562 3558
3563 3725	3563 3558
3564 3726	3564 3560
3565 3726	3565 3560
3566 3727	3566 3562
3567 3727	3567 3562
3568 3728	3568 3564
3569 3729	3569 3566
3570 3729	3570 3566
3571 3730	3571 3568
3572 3730	3572 3568
3573 3731	3573 3570
3574 3731	3574 3570
3575 3732	3575 3572
3576 3732	3576 3572
3578 3733	3578 3574
3579 3733	3579 3574
3580 3734	3580 3576
3581 3734	3581 3576
3582 3735	3582 3578
3583 3735	3583 3578
3584 3736	3584 3580
3585 3736	3585 3580
3586 3737	3586 3582
3587 3737	3587 3582
3588 3738	3588 3584
3589 3738	3589 3584
3590 3739	3590 3586
3591 3739	3591 3586
3592 3740	3592 3588
3593 3740	3593 3588
3594 3741	3594 3590
3595 3741	3595 3590
3596 3742	3596 3592
3597 3742	3597 3592
3598 3743	3598 3594
3599 3743	3599 3594
3600 3744	3600 3596
3601 3744	3601 3596
3602 3745	3602 3598
3603 3745	3603 3598
3604 3746	3604 3600
3605 3746	3605 3600
3606 3747	3606 3602
3607 3747	3607 3602
3608 3748	3608 3604
3609 3749	3609 3606
3610 3749	3610 3606
3611 3750	3611 3608
3612 3750	3612 3608
3613 3751	3613 3610
3614 3751	3614 3610
3615 3752	3615 3612
3616 3752	3616 3612
3617 3753	3617 3614
3618 3753	3618 3614
3619 3754	3619 3616
3621 3754	3621 3616
3622 3755	3622 3618
3623 3755	3623 3618
3624 3756	3624 3620
3625 3756	3625 3620
3626 3757	3626 3622
3627 3757	3627 3622
3628 3758	3628 3624
3629 3758	3629 3624
3630 3759	3630 3626
3631 3759	3631 3626
3632 3760	3632 3628
3633 3760	3633 3628
3634 3761	3634 3630
3635 3761	3635 3630
3636 3762	3636 3632
3637 3762	3637 3632
3638 3763	3638 3634
3639 3763	3639 3634
3640 3764	3640 3636
3641 3764	3641 3636
3642 3765	3642 3638
3643 3765	3643 3638
3644 3766	3644 3640
3645 3766	3645 3640
3646 3767	3646 3642
3647 3767	3647 3642
3648 3768	3648 3644
3649 3768	3649 3644
3650 3769	3650 3646
3651 3769	3651 3646
3652 3770	3652 3648
3653 3770	3653 3648
3654 3771	3654 3650
3655 3771	3655 3650
3656 3772	3656 3652
3657 3772	3657 3652
3658 3773	3658 3654
3659 3773	3659 3654
3660 3774	3660 3656
3661 3774	3661 3656
3662 3775	3662 3658
3664 3775	3664 3658
3665 3776	3665 3660
3666 3776	3666 3660
3667 3777	3667 3662
3668 3777	3668 3662
3669 3778	3669 3664
3670 3778	3670 3664
3671 3779	3671 3666
3672 3779	3672 3666
3673 3780	3673 3668
3674 3780	3674 3668
3675 3781	3675 3670
3676 3781	3676 3670
3677 3782	3677 3672
3678 3782	3678 3672
3679 3783	3679 3674
3680 3783	3680 3674
3681 3784	3681 3676
3682 3784	3682 3676
3683 3785	3683 3678
3684 3785	3684 3678
3685 3786	3685 3680
3686 3786	3686 3680
3687 3787	3687 3682
3688 3787	3688 3682
3689 3788	3689 3684
3690 3789	3690 3686
3691 3789	3691 3686
3692 3790	3692 3688
3693 3790	3693 3688
3694 3791	3694 3690
3695 3791	3695 3690
3696 3792	3696 3692
3697 3792	3697 3692
3698 3793	3698 3694
3699 3793	3699 3694
3700 3794	3700 3696
3701 3794	3701 3696
3702 3795	3702 3699
3703 3795	3703 3699
3704 3796	3704 3701
3705 3796	3705 3701
3706 3797	3706 3703
3708 3797	3708 3703
3709 3798	3709 3705
3710 3798	3710 3705
3711 3799	3711 3707
3712 3799	3712 3707
3713 3800	3713 3709
3714 3800	3714 3709
3715 3801	3715 3711
3716 3801	3716 3711
3717 3802	3717 3713
3718 3802	3718 3713
3719 3803	3719 3715
3720 3803	3720 3715
3721 3804	3721 3717
3722 3804	3722 3717
3723 3805	3723 3719
3724 3805	3724 3719
3725 3806	3725 3721
3726 3806	3726 3721
3727 3807	3727 3723
3728 3807	3728 3723
3729 3808	3729 3725
3730 3808	3730 3725
3731 3809	3731 3727
3732 3809	3732 3727
3733 3810	3733 3729
3734 3810	3734 3729
3735 3811	3735 3732
3736 3811	3736 3732
3737 3812	3737 3734
3738 3812	3738 3734
3739 3813	3739 3736
3740 3813	3740 3736
3741 3814	3741 3738
3742 3814	3742 3738
3743 3815	3743 3740
3744 3815	3744 3740
3745 3816	3745 3742
3746 3816	3746 3742
3747 3817	3747 3744
3748 3817	3748 3744
3749 3818	3749 3746
3751 3818	3751 3746
3752 3819	3752 3748
3753 3819	3753 3748
3754 3820	3754 3750
3755 3820	3755 3750
3756 3821	3756 3752
3757 3821	3757 3752
3758 3822	3758 3754
3759 3822	3759 3754
3760 3823	3760 3756
3761 3823	3761 3756
3762 3824	3762 3759
3763 3824	3763 3759
3764 3825	3764 3761
3765 3825	3765 3761
3766 3826	3766 3763
3767 3826	3767 3763
3768 3827	3768 3765
3769 3827	3769 3765
3770 3827	3770 3765
3771 3828	3771 3767
3772 3828	3772 3767
3773 3829	3773 3769
3774 3829	3774 3769
3775 3830	3775 3771
3776 3830	3776 3771
3777 3831	3777 3773
3778 3831	3778 3773
3779 3832	3779 3775
3780 3832	3780 3775
3781 3833	3781 3777
3782 3833	3782 3777
3783 3834	3783 3779
3784 3834	3784 3779
3785 3835	3785 3782
3786 3835	3786 3782
3787 3836	3787 3784
3788 3836	3788 3784
3789 3837	3789 3786
3790 3837	3790 3786
3791 3838	3791 3788
3792 3838	3792 3788
3794 3839	3794 3790
3795 3839	3795 3790
3796 3840	3796 3792
3797 3840	3797 3792
3798 3841	3798 3794
3799 3841	3799 3794
3800 3842	3800 3796
3801 3842	3801 3796
3802 3843	3802 3798
3803 3843	3803 3798
3804 3844	3804 3801
3805 3844	3805 3801
3806 3845	3806 3803
3807 3845	3807 3803
3808 3846	3808 3805
3809 3846	3809 3805
3810 3847	3810 3807
3811 3847	3811 3807
3812 3848	3812 3809
3813 3848	3813 3809
3814 3849	3814 3811
3815 3849	3815 3811
3816 3850	3816 3813
3817 3850	3817 3813
3818 3851	3818 3815
3819 3851	3819 3815
3820 3852	3820 3818
3821 3852	3821 3818
3822 3853	3822 3820
3823 3853	3823 3820
3824 3854	3824 3822
3825 3854	3825 3822
3826 3855	3826 3824
3827 3855	3827 3824
3828 3856	3828 3826
3829 3856	3829 3826
3830 3857	3830 3828
3831 3857	3831 3828
3832 3858	3832 3830
3833 3858	3833 3830
3834 3859	3834 3832
3835 3859	3835 3832
3837 3860	3837 3835
3838 3860	3838 3835
3839 3861	3839 3837
3840 3861	3840 3837
3841 3862	3841 3839
3842 3862	3842 3839
3843 3863	3843 3841
3844 3863	3844 3841
3845 3864	3845 3843
3846 3864	3846 3843
3847 3865	3847 3845
3848 3865	3848 3845
3849 3866	3849 3847
3850 3866	3850 3847
3851 3867	3851 3850
3852 3867	3852 3850
3853 3868	3853 3852
3854 3868	3854 3852
3855 3869	3855 3854
3856 3869	3856 3854
3857 3870	3857 3856
3858 3870	3858 3856
3859 3871	3859 3858
3860 3871	3860 3858
3861 3872	3861 3860
3862 3872	3862 3860
3863 3873	3863 3863
3864 3873	3864 3863
3865 3874	3865 3865
3866 3874	3866 3865
3867 3875	3867 3867
3868 3875	3868 3867
3869 3876	3869 3869
3870 3876	3870 3869
3871 3877	3871 3871
3872 3877	3872 3871
3873 3878	3873 3873
3874 3878	3874 3873
3875 3879	3875 3875
3876 3879	3876 3875
3877 3880	3877 3878
3878 3880	3878 3878
3880 3880	3880 3878
3881 3881	3881 3880
3882 3881	3882 3880
3883 3882	3883 3882
3884 3882	3884 3882
3885 3883	3885 3883
3886 3883	3886 3883
3887 3884	3887 3885
3888 3884	3888 3885
3889 3885	3889 3887
3890 3885	3890 3887
3891 3886	3891 3890
3892 3886	3892 3890
3893 3887	3893 3892
3894 3887	3894 3892
3895 3888	3895 3894
3896 3888	3896 3894
3897 3889	3897 3896
3898 3889	3898 3896
3899 3890	3899 3898
3900 3890	3900 3898
3901 3891	3901 3901
3902 3891	3902 3901
3903 3892	3903 3903
3904 3892	3904 3903
3905 3893	3905 3905
3906 3893	3906 3905
3907 3894	3907 3907
3908 3894	3908 3907
3909 3895	3909 3909
3910 3895	3910 3909
3911 3896	3911 3911
3912 3896	3912 3911
3913 3897	3913 3914
3914 3897	3914 3914
3915 3898	3915 3916
3916 3898	3916 3916
3917 3899	3917 3918
3918 3899	3918 3918
3919 3900	3919 3920
3920 3900	3920 3920
3921 3901	3921 3922
3923 3901	3923 3922
3924 3902	3924 3925
3925 3902	3925 3925
3926 3903	3926 3927
3927 3903	3927 3927
3928 3904	3928 3929
3929 3904	3929 3929
3930 3905	3930 3931
3931 3905	3931 3931
3932 3906	3932 3933
3933 3906	3933 3933
3934 3907	3934 3936
3935 3907	3935 3936
3936 3908	3936 3938
3937 3908	3937 3938
3938 3909	3938 3940
3939 3909	3939 3940
3940 3910	3940 3942
3941 3910	3941 3942
3942 3911	3942 3944
3943 3911	3943 3944
3944 3912	3944 3947
3945 3912	3945 3947
3946 3913	3946 3949
3947 3913	3947 3949
3948 3914	3948 3951
3949 3914	3949 3951
3950 3915	3950 3953
3951 3915	3951 3953
3952 3916	3952 3955
3953 3916	3953 3955
3954 3917	3954 3958
3955 3917	3955 3958
3956 3918	3956 3960
3957 3918	3957 3960
3958 3918	3958 3960
3959 3919	3959 3962
3960 3919	3960 3962
3961 3920	3961 3964
3962 3920	3962 3964
3963 3921	3963 3967
3964 3921	3964 3967
3966 3922	3966 3969
3967 3922	3967 3969
3968 3923	3968 3971
3969 3923	3969 3971
3970 3924	3970 3973
3971 3924	3971 3973
3972 3925	3972 3975
3973 3925	3973 3975
3974 3926	3974 3978
3975 3926	3975 3978
3976 3927	3976 3980
3977 3927	3977 3980
3978 3928	3978 3982
3979 3928	3979 3982
3980 3929	3980 3984
3981 3929	3981 3984
3982 3930	3982 3987
3983 3930	3983 3987
3984 3931	3984 3989
3985 3931	3985 3989
3986 3932	3986 3991
3987 3932	3987 3991
3988 3933	3988 3993
3989 3933	3989 3993
3990 3934	3990 3996
3991 3934	3991 3996
3992 3935	3992 3998
3993 3935	3993 3998
3994 3936	3994 4000
3995 3936	3995 4000
3996 3937	3996 4002
3997 3937	3997 4002
3998 3938	3998 4005
3999 3938	3999 4005
4000 3939	4000 4007
4001 3939	4001 4007
4002 3940	4002 4009
4003 3940	4003 4009
4004 3941	4004 4011
4005 3941	4005 4011
4006 3942	4006 4014
4007 3942	4007 4014
4009 3943	4009 4016
4010 3943	4010 4016
4011 3944	4011 4018
4012 3944	4012 4018
