81 67
82 68
83 69
84 70
85 72
87 72
88 74
89 74
90 76
91 76
92 78
93 78
94 80
95 80
96 82
97 82
98 84
99 85
100 86
101 87
102 88
103 89
104 90
105 91
106 92
107 93
108 94
109 95
110 96
111 97
112 99
113 99
114 101
115 101
116 103
117 103
118 105
119 105
120 107
121 107
122 109
123 109
124 111
125 112
126 113
127 114
128 115
130 116
131 117
132 118
133 119
134 120
135 121
136 122
137 123
138 124
139 126
140 126
141 128
142 129
143 130
144 131
145 132
146 133
147 134
148 135
149 136
150 137
151 138
152 139
153 140
154 141
155 142
156 144
157 144
158 146
159 146
160 148
161 148
162 150
163 150
164 152
165 153
166 154
167 155
168 156
169 157
170 158
171 159
173 160
174 161
175 162
176 163
177 164
178 165
179 166
180 168
181 169
182 170
183 171
184 172
185 173
186 174
187 175
188 176
189 177
190 178
191 179
192 180
193 181
194 183
195 183
196 185
197 185
198 187
199 187
200 189
201 190
202 191
203 192
204 193
205 194
206 195
207 196
208 197
209 198
210 199
211 201
212 201
213 203
214 203
216 205
217 205
218 207
219 207
220 209
221 210
222 211
223 212
224 213
225 214
226 215
227 216
228 217
229 218
230 219
231 221
232 221
233 223
234 223
235 225
236 225
237 227
238 227
239 229
240 230
241 231
242 232
243 233
244 234
245 235
246 236
247 237
248 239
249 239
250 241
251 241
252 243
253 243
254 245
255 246
256 247
257 248
259 249
260 250
261 251
262 252
263 253
264 255
265 255
266 257
267 257
268 259
269 259
270 261
271 261
272 263
273 264
274 265
275 266
276 267
277 268
278 269
279 271
280 271
281 273
282 273
283 275
284 275
285 277
286 277
287 279
288 280
289 281
290 282
291 283
292 284
293 285
294 287
295 287
296 289
297 289
298 291
299 291
300 293
302 293
303 295
304 296
305 297
306 298
307 299
308 300
309 301
310 302
311 303
312 304
313 305
314 307
315 307
316 309
317 310
318 311
319 312
320 313
321 314
322 315
323 316
324 317
325 318
326 319
327 320
328 321
329 322
330 324
331 324
332 326
333 326
334 328
335 329
336 330
337 331
338 332
339 333
340 334
341 335
342 336
343 337
345 338
346 340
347 340
348 342
349 342
350 344
351 344
352 346
353 347
354 348
355 349
356 350
357 351
358 352
359 354
360 354
361 356
362 356
363 358
364 359
365 360
366 361
367 362
368 363
369 364
370 365
371 366
372 367
373 368
374 369
375 370
376 371
377 373
378 373
379 375
380 375
381 377
382 377
383 379
384 380
385 381
386 382
388 383
389 384
390 385
391 387
392 387
393 389
394 389
395 391
396 391
397 393
398 394
399 395
400 396
401 397
402 398
403 399
404 400
405 401
406 402
407 403
408 404
409 406
410 406
411 408
412 408
413 410
414 410
415 412
416 413
417 414
418 415
419 416
420 417
421 418
422 419
423 420
424 422
425 422
426 424
427 425
428 426
429 427
430 428
432 429
433 430
434 431
435 432
436 433
437 434
438 435
439 437
440 437
441 439
442 439
443 441
444 441
445 443
446 444
447 445
448 446
449 447
450 448
451 449
452 450
453 451
454 452
455 453
456 454
457 456
458 456
459 458
460 458
461 460
462 460
463 462
464 463
465 464
466 465
467 466
468 467
469 468
470 469
471 470
472 471
473 472
475 473
476 475
477 475
478 477
479 477
480 479
481 480
482 481
483 482
484 483
485 484
486 485
487 486
488 487
489 488
490 489
491 490
492 492
493 492
494 494
495 494
496 496
497 496
498 498
499 499
500 500
501 501
502 502
503 503
504 504
505 505
506 506
507 507
508 509
509 509
510 511
511 511
512 513
513 513
514 515
515 516
516 517
518 518
519 519
520 520
521 521
522 522
523 523
524 524
525 525
526 526
527 528
528 528
529 530
530 530
531 532
532 533
533 534
534 535
535 536
536 537
537 538
538 539
539 540
540 541
541 542
542 543
543 545
544 545
545 547
546 547
547 549
548 550
549 551
550 552
551 553
552 554
553 555
554 556
555 557
556 558
557 559
558 560
559 562
561 562
562 564
563 564
564 566
565 567
566 568
567 569
568 570
569 571
570 572
571 573
572 574
573 575
574 576
575 577
576 578
577 579
578 580
579 581
580 582
581 584
582 584
583 586
584 586
585 588
586 589
587 590
588 591
589 592
590 593
591 594
592 595
593 596
594 597
595 599
596 599
597 601
598 601
599 603
600 603
601 605
602 606
604 606
605 608
606 608
607 610
608 611
609 612
610 613
611 614
612 615
613 616
614 617
615 618
616 619
617 621
618 621
619 623
620 623
621 625
622 626
623 627
624 628
625 629
626 630
627 631
628 632
629 633
630 634
631 635
632 636
633 637
634 638
635 639
636 640
637 641
638 643
639 643
640 645
641 645
642 647
643 648
644 649
645 650
647 651
648 652
649 653
650 654
651 655
652 656
653 657
654 658
655 659
656 660
657 661
658 663
659 663
660 665
661 665
662 667
663 668
664 669
665 670
666 670
667 672
668 673
669 674
670 675
671 676
672 677
673 678
674 679
675 680
676 681
677 682
678 683
679 685
680 685
681 686
682 687
683 688
684 690
685 690
686 692
687 692
688 694
690 695
691 696
692 697
693 698
694 699
695 700
696 701
697 702
698 703
699 704
700 705
701 706
702 707
703 708
704 710
705 710
706 712
707 712
708 713
709 715
710 715
711 717
712 717
713 719
714 720
715 721
716 722
717 723
718 724
719 725
720 726
721 727
722 728
723 729
724 730
725 731
726 732
727 733
728 735
729 735
730 737
731 737
733 738
734 740
735 740
736 742
737 742
738 744
739 745
740 746
741 747
742 747
743 749
744 750
745 751
746 752
747 753
748 754
749 755
750 756
751 758
752 758
753 759
754 760
755 761
756 763
757 763
758 765
759 765
760 767
761 768
762 768
763 770
764 770
765 772
766 773
767 774
768 775
769 776
770 777
771 778
772 779
773 780
774 781
776 782
777 783
778 784
779 785
780 786
781 787
782 788
783 789
784 790
785 791
786 793
787 793
788 795
789 796
790 796
791 798
792 798
793 800
794 801
795 802
796 803
797 804
798 805
799 806
800 807
801 808
802 809
803 810
804 811
805 812
806 813
807 814
808 815
809 816
810 817
811 819
812 819
813 820
814 821
815 822
816 824
817 824
818 826
820 826
821 828
822 829
823 829
824 831
825 831
826 833
827 834
828 835
829 836
830 837
831 838
832 839
833 840
834 841
835 842
836 843
837 844
838 845
839 846
840 847
841 848
842 849
843 850
844 851
845 852
846 853
847 855
848 855
849 857
850 857
851 858
852 860
853 860
854 862
855 862
856 863
857 865
858 865
859 867
860 868
861 869
863 870
864 870
865 872
866 873
867 874
868 875
869 876
870 877
871 878
872 879
873 880
874 881
875 882
876 883
877 884
878 885
879 886
880 887
881 889
882 889
883 890
884 891
885 892
886 894
887 894
888 895
889 896
890 897
891 899
892 899
893 901
894 902
895 902
896 904
897 904
898 906
899 907
900 907
901 909
902 910
903 911
904 912
906 912
907 914
908 915
909 916
910 917
911 918
912 919
913 920
914 921
915 922
916 923
917 924
918 925
919 926
920 927
921 928
922 929
923 930
924 931
925 932
926 933
927 934
928 935
929 936
930 937
931 939
932 939
933 940
934 941
935 942
936 944
937 944
938 945
939 947
940 947
941 949
942 950
943 950
944 952
945 952
946 954
947 955
949 955
950 957
951 958
952 959
953 960
954 960
955 962
956 963
957 964
958 965
959 966
960 967
961 968
962 969
963 970
964 971
965 972
966 973
967 974
968 975
969 976
970 977
971 978
972 979
973 980
974 981
975 982
976 983
977 984
978 985
979 986
980 987
981 988
982 989
983 990
984 991
985 992
986 993
987 994
988 996
989 996
990 997
992 998
993 999
994 1001
995 1001
996 1002
997 1004
998 1004
999 1005
1000 1007
1001 1007
1002 1009
1003 1009
1004 1010
1005 1012
1006 1012
1007 1014
1008 1015
1009 1015
1010 1017
1011 1018
1012 1018
1013 1020
1014 1021
1015 1022
1016 1023
1017 1023
1018 1025
1019 1026
1020 1026
1021 1028
1022 1029
1023 1030
1024 1031
1025 1032
1026 1033
1027 1034
1028 1035
1029 1036
1030 1037
1031 1038
1032 1039
1033 1040
1035 1041
1036 1042
1037 1043
1038 1044
1039 1045
1040 1046
1041 1047
1042 1048
1043 1049
1044 1050
1045 1051
1046 1052
1047 1053
1048 1054
1049 1055
1050 1056
1051 1057
1052 1058
1053 1059
1054 1060
1055 1061
1056 1062
1057 1063
1058 1064
1059 1066
1060 1066
1061 1067
1062 1069
1063 1069
1064 1070
1065 1071
1066 1072
1067 1073
1068 1074
1069 1075
1070 1077
1071 1077
1072 1078
1073 1080
1074 1080
1075 1081
1076 1083
1078 1083
1079 1084
1080 1086
1081 1086
1082 1087
1083 1089
1084 1089
1085 1091
1086 1092
1087 1092
1088 1094
1089 1095
1090 1095
1091 1097
1092 1098
1093 1098
1094 1100
1095 1101
1096 1101
1097 1103
1098 1103
1099 1104
1100 1106
1101 1106
1102 1108
1103 1109
1104 1109
1105 1111
1106 1112
1107 1112
1108 1114
1109 1115
1110 1115
1111 1117
1112 1118
1113 1118
1114 1120
1115 1121
1116 1121
1117 1123
1118 1124
1119 1124
1121 1126
1122 1127
1123 1127
1124 1129
1125 1130
1126 1130
1127 1132
1128 1133
1129 1134
1130 1135
1131 1136
1132 1137
1133 1138
1134 1139
1135 1140
1136 1141
1137 1142
1138 1143
1139 1144
1140 1145
1141 1146
1142 1147
1143 1148
1144 1149
1145 1150
1146 1151
1147 1152
1148 1153
1149 1154
1150 1155
1151 1156
1152 1157
1153 1158
1154 1159
1155 1160
1156 1161
1157 1162
1158 1163
1159 1164
1160 1165
1161 1166
1162 1167
1164 1168
1165 1169
1166 1170
1167 1171
1168 1172
1169 1173
1170 1174
1171 1175
1172 1176
1173 1177
1174 1178
1175 1179
1176 1180
1177 1181
1178 1182
1179 1183
1180 1184
1181 1185
1182 1186
1183 1187
1184 1188
1185 1189
1186 1190
1187 1191
1188 1192
1189 1193
1190 1194
1191 1195
1192 1196
1193 1197
1194 1198
1195 1199
1196 1200
1197 1201
1198 1202
1199 1203
1200 1204
1201 1205
1202 1206
1203 1208
1204 1208
1205 1209
1207 1210
1208 1211
1209 1212
1210 1213
1211 1214
1212 1215
1213 1216
1214 1217
1215 1218
1216 1219
1217 1221
1218 1221
1219 1222
1220 1224
1221 1224
1222 1225
1223 1226
1224 1227
1225 1228
1226 1229
1227 1230
1228 1231
1229 1232
1230 1234
1231 1234
1232 1235
1233 1237
1234 1237
1235 1238
1236 1239
1237 1240
1238 1241
1239 1242
1240 1244
1241 1244
1242 1245
1243 1247
1244 1247
1245 1248
1246 1250
1247 1250
1248 1251
1249 1252
1251 1254
1252 1254
1253 1255
1254 1257
1255 1257
1256 1258
1257 1259
1258 1261
1259 1261
1260 1262
1261 1264
1262 1264
1263 1265
1264 1267
1265 1267
1266 1268
1267 1269
1268 1271
1269 1271
1270 1272
1271 1274
1272 1274
1273 1275
1274 1277
1275 1278
1276 1278
1277 1279
1278 1281
1279 1281
1280 1282
1281 1284
1282 1285
1283 1285
1284 1286
1285 1288
1286 1288
1287 1289
1288 1291
1289 1292
1290 1292
1291 1293
1292 1295
1294 1295
1295 1296
1296 1298
1297 1299
1298 1299
1299 1300
1300 1302
1301 1302
1302 1303
1303 1305
1304 1306
1305 1306
1306 1307
1307 1309
1308 1310
1309 1310
1310 1311
1311 1313
1312 1313
1313 1314
1314 1316
1315 1317
1316 1317
1317 1318
1318 1320
1319 1320
1320 1321
1321 1323
1322 1324
1323 1324
1324 1325
1325 1327
1326 1328
1327 1328
1328 1329
1329 1331
1330 1332
1331 1332
1332 1334
1333 1335
1334 1335
1335 1336
1337 1338
1338 1339
1339 1339
1340 1340
1341 1342
1342 1343
1343 1343
1344 1344
1345 1346
1346 1347
1347 1347
1348 1349
1349 1350
1350 1350
1351 1351
1352 1353
1353 1354
1354 1354
1355 1355
1356 1357
1357 1358
1358 1358
1359 1359
1360 1361
1361 1362
1362 1362
1363 1363
1364 1365
1365 1366
1366 1366
1367 1368
1368 1369
1369 1370
1370 1370
1371 1372
1372 1373
1373 1374
1374 1374
1375 1376
1376 1377
1377 1378
1378 1378
1380 1380
1381 1381
1382 1382
1383 1382
1384 1384
1385 1385
1386 1386
1387 1386
1388 1388
1389 1389
1390 1390
1391 1390
1392 1392
1393 1393
1394 1394
1395 1394
1396 1396
1397 1397
1398 1398
1399 1398
1400 1400
1401 1401
1402 1402
1403 1402
1404 1404
1405 1405
1406 1406
1407 1406
1408 1408
1409 1409
1410 1410
1411 1410
1412 1411
1413 1413
1414 1414
1415 1415
1416 1415
1417 1417
1418 1418
1419 1419
1420 1419
1421 1421
1423 1422
1424 1423
1425 1423
1426 1425
1427 1426
1428 1427
1429 1428
1430 1429
1431 1430
1432 1431
1433 1432
1434 1432
1435 1434
1436 1435
1437 1436
1438 1436
1439 1438
1440 1439
1441 1440
1442 1441
1443 1442
1444 1443
1445 1444
1446 1445
1447 1445
1448 1447
1449 1448
1450 1449
1451 1450
1452 1451
1453 1452
1454 1453
1455 1454
1456 1454
1457 1456
1458 1457
1459 1458
1460 1459
1461 1460
1462 1461
1463 1462
1464 1463
1466 1463
1467 1465
1468 1466
1469 1467
1470 1468
1471 1469
1472 1470
1473 1471
1474 1472
1475 1473
1476 1474
1477 1475
1478 1476
1479 1477
1480 1477
1481 1479
1482 1480
1483 1481
1484 1482
1485 1483
1486 1484
1487 1485
1488 1486
1489 1487
1490 1488
1491 1489
1492 1490
1493 1491
1494 1492
1495 1493
1496 1494
1497 1495
1498 1496
1499 1497
1500 1498
1501 1499
1502 1500
1503 1501
1504 1502
1505 1503
1506 1504
1507 1505
1509 1506
1510 1507
1511 1508
1512 1509
1513 1510
1514 1511
1515 1512
1516 1513
1517 1514
1518 1515
1519 1516
1520 1517
1521 1518
1522 1519
1523 1520
1524 1521
1525 1522
1526 1523
1527 1524
1528 1525
1529 1526
1530 1528
1531 1528
1532 1529
1533 1530
1534 1531
1535 1533
1536 1533
1537 1534
1538 1535
1539 1536
1540 1537
1541 1538
1542 1539
1543 1540
1544 1541
1545 1542
1546 1544
1547 1544
1548 1545
1549 1546
1550 1547
1552 1549
1553 1550
1554 1550
1555 1551
1556 1552
1557 1553
1558 1555
1559 1555
1560 1556
1561 1557
1562 1558
1563 1560
1564 1561
1565 1561
1566 1562
1567 1563
1568 1564
1569 1566
1570 1567
1571 1567
1572 1568
1573 1569
1574 1571
1575 1572
1576 1573
1577 1573
1578 1574
1579 1575
1580 1577
1581 1578
1582 1579
1583 1579
1584 1580
1585 1581
1586 1583
1587 1584
1588 1585
1589 1585
1590 1586
1591 1588
1592 1589
1593 1590
1595 1591
1596 1591
1597 1592
1598 1594
1599 1595
1600 1596
1601 1597
1602 1597
1603 1598
1604 1600
1605 1601
1606 1602
1607 1603
1608 1604
1609 1604
1610 1606
1611 1607
1612 1608
1613 1609
1614 1610
1615 1611
1616 1611
1617 1613
1618 1614
1619 1615
1620 1616
1621 1617
1622 1617
1623 1619
1624 1620
1625 1621
1626 1622
1627 1623
1628 1624
1629 1625
1630 1626
1631 1627
1632 1628
1633 1629
1634 1630
1635 1631
1636 1632
1637 1633
1639 1634
1640 1635
1641 1636
1642 1637
1643 1638
1644 1639
1645 1640
1646 1641
1647 1642
1648 1643
1649 1644
1650 1646
1651 1646
1652 1647
1653 1648
1654 1649
1655 1650
1656 1651
1657 1653
1658 1653
1659 1654
1660 1655
1661 1656
1662 1657
1663 1658
1664 1660
1665 1661
1666 1661
1667 1662
1668 1663
1669 1664
1670 1665
1671 1667
1672 1668
1673 1669
1674 1669
1675 1670
1676 1671
1677 1672
1678 1674
1679 1675
1680 1676
1682 1677
1683 1677
1684 1678
1685 1679
1686 1680
1687 1682
1688 1683
1689 1684
1690 1685
1691 1686
1692 1686
1693 1687
1694 1689
1695 1690
1696 1691
1697 1692
1698 1693
1699 1694
1700 1695
1701 1695
1702 1697
1703 1698
1704 1699
1705 1700
1706 1701
1707 1702
1708 1703
1709 1704
1710 1705
1711 1706
1712 1707
1713 1708
1714 1709
1715 1710
1716 1711
1717 1712
1718 1713
1719 1714
1720 1715
1721 1716
1722 1717
1723 1718
1725 1719
1726 1720
1727 1721
1728 1723
1729 1724
1730 1724
1731 1725
1732 1726
1733 1727
1734 1728
1735 1729
1736 1730
1737 1732
1738 1733
1739 1734
1740 1734
1741 1735
1742 1736
1743 1737
1744 1738
1745 1739
1746 1741
1747 1742
1748 1743
1749 1744
1750 1745
1751 1746
1752 1746
1753 1747
1754 1748
1755 1750
1756 1751
1757 1752
1758 1753
1759 1754
1760 1755
1761 1756
1762 1757
1763 1758
1764 1758
1765 1760
1766 1761
1768 1762
1769 1763
1770 1764
1771 1765
1772 1766
1773 1767
1774 1768
1775 1769
1776 1770
1777 1771
1778 1772
1779 1773
1780 1774
1781 1775
1782 1776
1783 1777
1784 1778
1785 1779
1786 1780
1787 1782
1788 1783
1789 1784
1790 1784
1791 1785
1792 1786
1793 1787
1794 1788
1795 1789
1796 1790
1797 1791
1798 1793
1799 1794
1800 1795
1801 1796
1802 1797
1803 1798
1804 1799
1805 1800
1806 1800
1807 1801
1808 1802
1809 1803
1811 1805
1812 1806
1813 1807
1814 1808
1815 1809
1816 1810
1817 1811
1818 1812
1819 1813
1820 1814
1821 1815
1822 1816
1823 1817
1824 1818
1825 1819
1826 1820
1827 1821
1828 1822
1829 1823
1830 1824
1831 1825
1832 1826
1833 1827
1834 1828
1835 1829
1836 1830
1837 1831
1838 1833
1839 1834
1840 1835
1841 1836
1842 1837
1843 1838
1844 1838
1845 1839
1846 1840
1847 1841
1848 1842
1849 1843
1850 1844
1851 1845
1852 1846
1854 1848
1855 1849
1856 1850
1857 1851
1858 1852
1859 1853
1860 1854
1861 1855
1862 1856
1863 1857
1864 1858
1865 1859
1866 1860
1867 1861
1868 1862
1869 1863
1870 1864
1871 1866
1872 1866
1873 1867
1874 1868
1875 1869
1876 1870
1877 1871
1878 1872
1879 1873
1880 1874
1881 1875
1882 1876
1883 1877
1884 1878
1885 1879
1886 1880
1887 1881
1888 1882
1889 1883
1890 1885
1891 1886
1892 1887
1893 1888
1894 1889
1895 1890
1897 1891
1898 1892
1899 1893
1900 1894
1901 1895
1902 1896
1903 1897
1904 1898
1905 1899
1906 1900
1907 1901
1908 1902
1909 1903
1910 1904
1911 1905
1912 1906
1913 1907
1914 1909
1915 1910
1916 1911
1917 1912
1918 1913
1919 1914
1920 1915
1921 1916
1922 1917
1923 1918
1924 1919
1925 1920
1926 1921
1927 1922
1928 1923
1929 1924
1930 1925
1931 1926
1932 1927
1933 1928
1934 1929
1935 1930
1936 1931
1937 1932
1938 1933
1940 1934
1941 1935
1942 1936
1943 1937
1944 1938
1945 1939
1946 1940
1947 1941
1948 1943
1949 1944
1950 1945
1951 1946
1952 1947
1953 1948
1954 1949
1955 1950
1956 1951
1957 1952
1958 1953
1959 1954
1960 1955
1961 1956
1962 1957
1963 1958
1964 1959
1965 1960
1966 1961
1967 1962
1968 1963
1969 1964
1970 1965
1971 1966
1972 1967
1973 1968
1974 1969
1975 1970
1976 1971
1977 1972
1978 1973
1979 1974
1980 1975
1981 1976
1983 1977
1984 1978
1985 1979
1986 1980
1987 1981
1988 1982
1989 1983
1990 1984
1991 1985
1992 1986
1993 1987
1994 1988
1995 1989
1996 1990
1997 1991
1998 1992
1999 1993
2000 1995
2001 1996
2002 1997
2003 1998
2004 1999
2005 2000
2006 2001
2007 2002
2008 2003
2009 2004
2010 2005
2011 2006
2012 2007
2013 2008
2014 2009
2015 2010
2016 2011
2017 2012
2018 2013
2019 2014
2020 2015
2021 2016
2022 2017
2023 2018
2024 2019
2026 2020
2027 2021
2028 2023
2029 2024
2030 2025
2031 2026
2032 2027
2033 2028
2034 2029
2035 2030
2036 2031
2037 2032
2038 2033
2039 2034
2040 2035
2041 2036
2042 2037
2043 2038
2044 2039
2045 2040
2046 2041
2047 2042
2048 2044
2049 2045
2050 2046
2051 2047
2052 2048
2053 2049
2054 2050
2055 2051
2056 2052
2057 2053
2058 2054
2059 2055
2060 2056
2061 2057
2062 2057
2063 2058
2064 2059
2065 2060
2066 2062
2067 2063
2068 2064
2070 2065
2071 2066
2072 2067
2073 2068
2074 2069
2075 2070
2076 2071
2077 2072
2078 2073
2079 2074
2080 2075
2081 2076
2082 2078
2083 2079
2084 2080
2085 2081
2086 2082
2087 2083
2088 2084
2089 2085
2090 2086
2091 2087
2092 2088
2093 2089
2094 2090
2095 2090
2096 2092
2097 2093
2098 2094
2099 2095
2100 2096
2101 2097
2102 2098
2103 2099
2104 2100
2105 2101
2106 2102
2107 2103
2108 2104
2109 2106
2110 2107
2111 2108
2113 2109
2114 2110
2115 2111
2116 2112
2117 2113
2118 2114
2119 2114
2120 2115
2121 2116
2122 2118
2123 2119
2124 2120
2125 2121
2126 2122
2127 2123
2128 2124
2129 2125
2130 2126
2131 2127
2132 2128
2133 2130
2134 2131
2135 2132
2136 2133
2137 2134
2138 2135
2139 2135
2140 2136
2141 2137
2142 2138
2143 2139
2144 2141
2145 2142
2146 2143
2147 2144
2148 2145
2149 2146
2150 2147
2151 2148
2152 2149
2153 2151
2154 2152
2156 2152
2157 2153
2158 2154
2159 2155
2160 2156
2161 2157
2162 2158
2163 2159
2164 2161
2165 2162
2166 2163
2167 2164
2168 2165
2169 2166
2170 2167
2171 2168
2172 2168
2173 2169
2174 2171
2175 2172
2176 2173
2177 2174
2178 2175
2179 2176
2180 2177
2181 2178
2182 2180
2183 2181
2184 2182
2185 2182
2186 2183
2187 2184
2188 2185
2189 2186
2190 2187
2191 2189
2192 2190
2193 2191
2194 2192
2195 2193
2196 2194
2197 2195
2199 2195
2200 2197
2201 2198
2202 2199
2203 2200
2204 2201
2205 2202
2206 2203
2207 2204
2208 2206
2209 2207
2210 2208
2211 2208
2212 2209
2213 2210
2214 2211
2215 2212
2216 2214
2217 2215
2218 2216
2219 2217
2220 2218
2221 2219
2222 2220
2223 2220
2224 2222
2225 2223
2226 2224
2227 2225
2228 2226
2229 2227
2230 2228
2231 2230
2232 2231
2233 2231
2234 2232
2235 2233
2236 2234
2237 2235
2238 2237
2239 2238
2240 2239
2242 2240
2243 2241
2244 2242
2245 2242
2246 2243
2247 2245
2248 2246
2249 2247
2250 2248
2251 2249
2252 2250
2253 2252
2254 2252
2255 2253
2256 2254
2257 2255
2258 2256
2259 2257
2260 2259
2261 2260
2262 2261
2263 2262
2264 2262
2265 2263
2266 2264
2267 2266
2268 2267
2269 2268
2270 2269
2271 2270
2272 2271
2273 2271
2274 2273
2275 2274
2276 2275
2277 2276
2278 2277
2279 2278
2280 2280
2281 2281
2282 2281
2283 2282
2285 2283
2286 2284
2287 2286
2288 2287
2289 2288
2290 2289
2291 2289
2292 2290
2293 2291
2294 2293
2295 2294
2296 2295
2297 2296
2298 2297
2299 2299
2300 2299
2301 2300
2302 2301
2303 2302
2304 2303
2305 2305
2306 2306
2307 2307
2308 2307
2309 2308
2310 2309
2311 2311
2312 2312
2313 2313
2314 2314
2315 2315
2316 2315
2317 2316
2318 2318
2319 2319
2320 2320
2321 2321
2322 2322
2323 2322
2324 2324
2325 2325
2326 2326
2328 2327
2329 2328
2330 2330
2331 2331
2332 2331
2333 2332
2334 2333
2335 2335
2336 2336
2337 2337
2338 2338
2339 2338
2340 2339
2341 2341
2342 2342
2343 2343
2344 2344
2345 2345
2346 2345
2347 2347
2348 2348
2349 2349
2350 2350
2351 2352
2352 2353
2353 2353
2354 2354
2355 2355
2356 2356
2357 2358
2358 2359
2359 2360
2360 2360
2361 2361
2362 2362
2363 2364
2364 2365
2365 2366
2366 2367
2367 2367
2368 2369
2369 2370
2371 2371
2372 2372
2373 2374
2374 2375
2375 2375
2376 2376
2377 2377
2378 2378
2379 2380
2380 2381
2381 2381
2382 2382
2383 2383
2384 2385
2385 2386
2386 2387
2387 2388
2388 2388
2389 2390
2390 2391
2391 2392
2392 2393
2393 2395
2394 2395
2395 2396
2396 2397
2397 2398
2398 2400
2399 2401
2400 2401
2401 2402
2402 2403
2403 2404
2404 2406
2405 2407
2406 2407
2407 2408
2408 2409
2409 2411
2410 2412
2411 2413
2412 2413
2414 2414
2415 2416
2416 2417
2417 2418
2418 2420
2419 2420
2420 2421
2421 2422
2422 2423
2423 2425
2424 2426
2425 2426
2426 2427
2427 2428
2428 2430
2429 2431
2430 2432
2431 2432
2432 2433
2433 2435
2434 2436
2435 2437
2436 2438
2437 2438
2438 2440
2439 2441
2440 2442
2441 2443
2442 2443
2443 2445
2444 2446
2445 2447
2446 2449
2447 2450
2448 2450
2449 2451
2450 2452
2451 2454
2452 2455
2453 2455
2454 2456
2455 2457
2457 2459
2458 2460
2459 2461
2460 2461
2461 2463
2462 2464
2463 2465
2464 2466
2465 2466
2466 2468
2467 2469
2468 2470
2469 2472
2470 2473
2471 2473
2472 2474
2473 2475
2474 2477
2475 2478
2476 2478
2477 2479
2478 2481
2479 2482
2480 2483
2481 2483
2482 2484
2483 2486
2484 2487
2485 2488
2486 2488
2487 2490
2488 2491
2489 2492
2490 2494
2491 2494
2492 2495
2493 2496
2494 2497
2495 2499
2496 2499
2497 2500
2498 2501
2499 2503
2501 2504
2502 2504
2503 2505
2504 2507
2505 2508
2506 2509
2507 2509
2508 2510
2509 2512
2510 2513
2511 2514
2512 2514
2513 2516
2514 2517
2515 2518
2516 2520
2517 2520
2518 2521
2519 2522
2520 2524
2521 2525
2522 2525
2523 2526
2524 2528
2525 2529
2526 2529
2527 2530
2528 2532
2529 2533
2530 2534
2531 2534
2532 2535
2533 2537
2534 2538
2535 2539
2536 2539
2537 2541
2538 2542
2539 2543
2540 2545
2541 2545
2542 2546
2544 2547
2545 2549
2546 2549
2547 2550
2548 2551
2549 2553
2550 2554
2551 2554
2552 2555
2553 2557
2554 2558
2555 2558
2556 2559
2557 2561
2558 2562
2559 2563
2560 2563
2561 2565
2562 2566
2563 2567
2564 2567
2565 2569
2566 2570
2567 2571
2568 2573
2569 2573
2570 2574
2571 2576
2572 2577
2573 2577
2574 2578
2575 2580
2576 2581
2577 2581
2578 2582
2579 2584
2580 2585
2581 2586
2582 2586
2583 2588
2584 2589
2585 2590
2587 2590
2588 2592
2589 2593
2590 2594
2591 2594
2592 2596
2593 2597
2594 2599
2595 2600
2596 2600
2597 2601
2598 2603
2599 2604
2600 2604
2601 2605
2602 2607
2603 2608
2604 2608
2605 2609
2606 2611
2607 2612
2608 2612
2609 2614
2610 2615
2611 2616
2612 2616
2613 2618
2614 2619
2615 2620
2616 2620
2617 2622
2618 2623
2619 2625
2620 2625
2621 2626
2622 2627
2623 2629
2624 2629
2625 2630
2626 2631
2627 2633
2628 2634
2630 2634
2631 2636
2632 2637
2633 2638
2634 2638
2635 2640
2636 2641
2637 2642
2638 2642
2639 2644
2640 2645
2641 2645
2642 2647
2643 2648
2644 2649
2645 2649
2646 2651
2647 2652
2648 2654
2649 2654
2650 2655
2651 2656
2652 2658
2653 2658
2654 2659
2655 2661
2656 2662
2657 2662
2658 2663
2659 2665
2660 2666
2661 2666
2662 2668
2663 2669
2664 2670
2665 2670
2666 2672
2667 2673
2668 2675
2669 2675
2670 2676
2671 2677
2673 2677
2674 2679
2675 2680
2676 2682
2677 2682
2678 2683
2679 2684
2680 2686
2681 2686
2682 2687
2683 2689
2684 2690
2685 2690
2686 2691
2687 2693
2688 2693
2689 2694
2690 2696
2691 2697
2692 2697
2693 2699
2694 2700
2695 2701
2696 2701
2697 2703
2698 2704
2699 2704
2700 2706
2701 2707
2702 2709
2703 2709
2704 2710
2705 2711
2706 2713
2707 2713
2708 2714
2709 2716
2710 2716
2711 2717
2712 2719
2713 2720
2714 2720
2716 2721
2717 2723
2718 2723
2719 2724
2720 2726
2721 2727
2722 2727
2723 2729
2724 2730
2725 2731
2726 2731
2727 2733
2728 2734
2729 2734
2730 2736
2731 2737
2732 2739
2733 2739
2734 2740
2735 2742
2736 2742
2737 2743
2738 2744
2739 2746
2740 2746
2741 2747
2742 2749
2743 2749
2744 2750
2745 2752
2746 2753
2747 2753
2748 2755
2749 2756
2750 2756
2751 2758
2752 2759
2753 2759
2754 2760
2755 2762
2756 2763
2757 2763
2759 2765
2760 2766
2761 2766
2762 2768
2763 2769
2764 2771
2765 2771
2766 2772
2767 2774
2768 2774
2769 2775
2770 2776
2771 2776
2772 2778
2773 2779
2774 2781
2775 2781
2776 2782
2777 2784
2778 2784
2779 2785
2780 2787
2781 2787
2782 2788
2783 2790
2784 2791
2785 2791
2786 2793
2787 2794
2788 2794
2789 2796
2790 2797
2791 2797
2792 2799
2793 2800
2794 2802
2795 2802
2796 2803
2797 2805
2798 2805
2799 2806
2800 2808
2802 2808
2803 2809
2804 2810
2805 2810
2806 2812
2807 2813
2808 2813
2809 2815
2810 2816
2811 2818
2812 2818
2813 2819
2814 2821
2815 2821
2816 2822
2817 2824
2818 2824
2819 2825
2820 2827
2821 2827
2822 2828
2823 2830
2824 2830
2825 2831
2826 2833
2827 2834
2828 2834
2829 2836
2830 2837
2831 2837
2832 2839
2833 2840
2834 2840
2835 2842
2836 2843
2837 2843
2838 2845
2839 2846
2840 2846
2841 2848
2842 2849
2843 2849
2845 2851
2846 2852
2847 2852
2848 2854
2849 2856
2850 2856
2851 2857
2852 2859
2853 2860
2854 2860
2855 2862
2856 2863
2857 2863
2858 2865
2859 2866
2860 2866
2861 2868
2862 2869
2863 2869
2864 2871
2865 2872
2866 2872
2867 2874
2868 2875
2869 2875
2870 2877
2871 2878
2872 2878
2873 2880
2874 2881
2875 2881
2876 2883
2877 2884
2878 2884
2879 2886
2880 2888
2881 2888
2882 2889
2883 2891
2884 2891
2885 2892
2886 2894
2887 2894
2889 2895
2890 2897
2891 2897
2892 2898
2893 2900
2894 2900
2895 2901
2896 2903
2897 2903
2898 2904
2899 2906
2900 2906
2901 2908
2902 2909
2903 2909
2904 2911
2905 2912
2906 2912
2907 2914
2908 2915
2909 2915
2910 2917
2911 2917
2912 2918
2913 2920
2914 2920
2915 2922
2916 2923
2917 2923
2918 2925
2919 2926
2920 2926
2921 2928
2922 2929
2923 2929
2924 2931
2925 2932
2926 2932
2927 2934
2928 2936
2929 2936
2930 2937
2932 2939
2933 2939
2934 2940
2935 2942
2936 2942
2937 2943
2938 2943
2939 2945
2940 2947
2941 2947
2942 2948
2943 2950
2944 2950
2945 2951
2946 2953
2947 2953
2948 2954
2949 2956
2950 2956
2951 2958
2952 2959
2953 2959
2954 2961
2955 2961
2956 2962
2957 2964
2958 2964
2959 2966
2960 2967
2961 2967
2962 2969
2963 2970
2964 2970
2965 2972
2966 2973
2967 2973
2968 2975
2969 2975
2970 2977
2971 2978
2972 2978
2973 2980
2975 2981
2976 2981
2977 2983
2978 2985
2979 2985
2980 2986
2981 2986
2982 2988
2983 2989
2984 2989
2985 2991
2986 2993
2987 2993
2988 2994
2989 2996
2990 2996
2991 2997
2992 2997
2993 2999
2994 3001
2995 3001
2996 3002
2997 3004
2998 3004
2999 3005
3000 3005
3001 3007
3002 3009
3003 3009
3004 3010
3005 3012
3006 3012
3007 3013
3008 3015
3009 3015
3010 3017
3011 3017
3012 3018
3013 3020
3014 3020
3015 3022
3016 3023
3018 3023
3019 3025
3020 3025
3021 3026
3022 3028
3023 3028
3024 3030
3025 3031
3026 3031
3027 3033
3028 3033
3029 3035
3030 3036
3031 3036
3032 3038
3033 3039
3034 3039
3035 3041
3036 3041
3037 3043
3038 3044
3039 3044
3040 3046
3041 3046
3042 3048
3043 3049
3044 3049
3045 3051
3046 3052
3047 3052
3048 3054
3049 3054
3050 3056
3051 3057
3052 3057
3053 3059
3054 3061
3055 3061
3056 3062
3057 3062
3058 3064
3059 3066
3061 3066
3062 3067
3063 3067
3064 3069
3065 3071
3066 3071
3067 3072
3068 3072
3069 3074
3070 3076
3071 3076
3072 3077
3073 3079
3074 3079
3075 3080
3076 3080
3077 3082
3078 3084
3079 3084
3080 3085
3081 3085
3082 3087
3083 3089
3084 3089
3085 3090
3086 3090
3087 3092
3088 3094
3089 3094
3090 3095
3091 3095
3092 3097
3093 3099
3094 3099
3095 3100
3096 3102
3097 3102
3098 3104
3099 3104
3100 3105
3101 3107
3102 3107
3104 3109
3105 3109
3106 3110
3107 3112
3108 3112
3109 3114
3110 3114
3111 3115
3112 3117
3113 3117
3114 3119
3115 3119
3116 3121
3117 3122
3118 3122
3119 3124
3120 3124
3121 3126
3122 3127
3123 3127
3124 3129
3125 3129
3126 3131
3127 3132
3128 3132
3129 3134
3130 3134
3131 3136
3132 3137
3133 3137
3134 3139
3135 3139
3136 3141
3137 3142
3138 3142
3139 3144
3140 3144
3141 3146
3142 3146
3143 3148
3144 3149
3145 3149
3147 3151
3148 3151
3149 3153
3150 3154
3151 3154
3152 3156
3153 3156
3154 3158
3155 3159
3156 3159
3157 3161
3158 3161
3159 3163
3160 3165
3161 3165
3162 3166
3163 3166
3164 3168
3165 3168
3166 3170
3167 3171
3168 3171
3169 3173
3170 3173
3171 3175
3172 3177
3173 3177
3174 3178
3175 3178
3176 3180
3177 3180
3178 3182
3179 3183
3180 3183
3181 3185
3182 3185
3183 3187
3184 3189
3185 3189
3186 3190
3187 3190
3188 3192
3190 3192
3191 3194
3192 3196
3193 3196
3194 3197
3195 3197
3196 3199
3197 3201
3198 3201
3199 3202
3200 3202
3201 3204
3202 3204
3203 3206
3204 3208
3205 3208
3206 3209
3207 3209
3208 3211
3209 3213
3210 3213
3211 3215
3212 3215
3213 3216
3214 3216
3215 3218
3216 3220
3217 3220
3218 3222
3219 3222
3220 3223
3221 3223
3222 3225
3223 3227
3224 3227
3225 3229
3226 3229
3227 3230
3228 3230
3229 3232
3230 3234
3231 3234
3233 3236
3234 3236
3235 3237
3236 3237
3237 3239
3238 3241
3239 3241
3240 3243
3241 3243
3242 3244
3243 3244
3244 3246
3245 3248
3246 3248
3247 3250
3248 3250
3249 3251
3250 3251
3251 3253
3252 3255
3253 3255
3254 3257
3255 3257
3256 3258
3257 3258
3258 3260
3259 3262
3260 3262
3261 3264
3262 3264
3263 3266
3264 3266
3265 3267
3266 3267
3267 3269
3268 3271
3269 3271
3270 3273
3271 3273
3272 3274
3273 3274
3274 3276
3276 3278
3277 3278
3278 3280
3279 3280
3280 3282
3281 3282
3282 3283
3283 3283
3284 3285
3285 3287
3286 3287
3287 3289
3288 3289
3289 3290
3290 3290
3291 3292
3292 3294
3293 3294
3294 3296
3295 3296
3296 3298
3297 3298
3298 3299
3299 3299
3300 3301
3301 3303
3302 3303
3303 3305
3304 3305
3305 3307
3306 3307
3307 3308
3308 3308
3309 3310
3310 3312
3311 3312
3312 3314
3313 3314
3314 3316
3315 3316
3316 3317
3317 3317
3318 3319
3320 3321
3321 3321
3322 3323
3323 3323
3324 3325
3325 3325
3326 3326
3327 3326
3328 3328
3329 3330
3330 3330
3331 3332
3332 3332
3333 3334
3334 3334
3335 3336
3336 3336
3337 3337
3338 3337
3339 3339
3340 3341
3341 3341
3342 3343
3343 3343
3344 3345
3345 3345
3346 3346
3347 3346
3348 3348
3349 3350
3350 3350
3351 3352
3352 3352
3353 3354
3354 3354
3355 3356
3356 3356
3357 3357
3358 3357
3359 3359
3360 3361
3361 3361
3363 3363
3364 3363
3365 3365
3366 3365
3367 3367
3368 3367
3369 3368
3370 3368
3371 3370
3372 3372
3373 3372
3374 3374
3375 3374
3376 3376
3377 3376
3378 3378
3379 3378
3380 3379
3381 3379
3382 3381
3383 3383
3384 3383
3385 3385
3386 3385
3387 3387
3388 3387
3389 3389
3390 3389
3391 3391
3392 3391
3393 3392
3394 3392
3395 3394
3396 3396
3397 3396
3398 3398
3399 3398
3400 3400
3401 3400
3402 3402
3403 3402
3404 3404
3406 3404
3407 3405
3408 3405
3409 3407
3410 3409
3411 3409
3412 3411
3413 3411
3414 3413
3415 3413
3416 3415
3417 3415
3418 3417
3419 3417
3420 3418
3421 3418
3422 3420
3423 3422
3424 3422
3425 3424
3426 3424
3427 3426
3428 3426
3429 3428
3430 3428
3431 3430
3432 3430
3433 3432
3434 3432
3435 3433
3436 3433
3437 3435
3438 3437
3439 3437
3440 3439
3441 3439
3442 3441
3443 3441
3444 3443
3445 3443
3446 3445
3447 3445
3449 3447
3450 3447
3451 3449
3452 3449
3453 3450
3454 3452
3455 3452
3456 3454
3457 3454
3458 3456
3459 3456
3460 3458
3461 3458
3462 3460
3463 3460
3464 3462
3465 3462
3466 3464
3467 3464
3468 3466
3469 3466
3470 3467
3471 3469
3472 3469
3473 3471
3474 3471
3475 3473
3476 3473
3477 3475
3478 3475
3479 3477
3480 3477
3481 3479
3482 3479
3483 3481
3484 3481
3485 3483
3486 3483
3487 3485
3488 3485
3489 3487
3490 3488
3492 3488
3493 3490
3494 3490
3495 3492
3496 3492
3497 3494
3498 3494
3499 3496
3500 3496
3501 3498
3502 3498
3503 3500
3504 3500
3505 3502
3506 3502
3507 3504
3508 3504
3509 3506
3510 3506
3511 3508
3512 3510
3513 3510
3514 3512
3515 3512
3516 3513
3517 3513
3518 3515
3519 3515
3520 3517
3521 3517
3522 3519
3523 3519
3524 3521
3525 3521
3526 3523
3527 3523
3528 3525
3529 3525
3530 3527
3531 3527
3532 3529
3533 3529
3535 3531
3536 3531
3537 3533
3538 3535
3539 3535
3540 3537
3541 3537
3542 3539
3543 3539
3544 3541
3545 3541
3546 3543
3547 3543
3548 3545
3549 3545
3550 3546
3551 3546
3552 3548
3553 3548
3554 3550
3555 3550
3556 3552
3557 3552
3558 3554
3559 3554
3560 3556
3561 3556
3562 3558
3563 3558
3564 3560
3565 3560
3566 3562
3567 3562
3568 3564
3569 3566
3570 3566
3571 3568
3572 3568
3573 3570
3574 3570
3575 3572
3576 3572
3578 3574
3579 3574
3580 3576
3581 3576
3582 3578
3583 3578
3584 3580
3585 3580
3586 3582
3587 3582
3588 3584
3589 3584
3590 3586
3591 3586
3592 3588
3593 3588
3594 3590
3595 3590
3596 3592
3597 3592
3598 3594
3599 3594
3600 3596
3601 3596
3602 3598
3603 3598
3604 3600
3605 3600
3606 3602
3607 3602
3608 3604
3609 3606
3610 3606
3611 3608
3612 3608
3613 3610
3614 3610
3615 3612
3616 3612
3617 3614
3618 3614
3619 3616
3621 3616
3622 3618
3623 3618
3624 3620
3625 3620
3626 3622
3627 3622
3628 3624
3629 3624
3630 3626
3631 3626
3632 3628
3633 3628
3634 3630
3635 3630
3636 3632
3637 3632
3638 3634
3639 3634
3640 3636
3641 3636
3642 3638
3643 3638
3644 3640
3645 3640
3646 3642
3647 3642
3648 3644
3649 3644
3650 3646
3651 3646
3652 3648
3653 3648
3654 3650
3655 3650
3656 3652
3657 3652
3658 3654
3659 3654
3660 3656
3661 3656
3662 3658
3664 3658
3665 3660
3666 3660
3667 3662
3668 3662
3669 3664
3670 3664
3671 3666
3672 3666
3673 3668
3674 3668
3675 3670
3676 3670
3677 3672
3678 3672
3679 3674
3680 3674
3681 3676
3682 3676
3683 3678
3684 3678
3685 3680
3686 3680
3687 3682
3688 3682
3689 3684
3690 3686
3691 3686
3692 3688
3693 3688
3694 3690
3695 3690
3696 3692
3697 3692
3698 3694
3699 3694
3700 3696
3701 3696
3702 3699
3703 3699
3704 3701
3705 3701
3706 3703
3708 3703
3709 3705
3710 3705
3711 3707
3712 3707
3713 3709
3714 3709
3715 3711
3716 3711
3717 3713
3718 3713
3719 3715
3720 3715
3721 3717
3722 3717
3723 3719
3724 3719
3725 3721
3726 3721
3727 3723
3728 3723
3729 3725
3730 3725
3731 3727
3732 3727
3733 3729
3734 3729
3735 3732
3736 3732
3737 3734
3738 3734
3739 3736
3740 3736
3741 3738
3742 3738
3743 3740
3744 3740
3745 3742
3746 3742
3747 3744
3748 3744
3749 3746
3751 3746
3752 3748
3753 3748
3754 3750
3755 3750
3756 3752
3757 3752
3758 3754
3759 3754
3760 3756
3761 3756
3762 3759
3763 3759
3764 3761
3765 3761
3766 3763
3767 3763
3768 3765
3769 3765
3770 3765
3771 3767
3772 3767
3773 3769
3774 3769
3775 3771
3776 3771
3777 3773
3778 3773
3779 3775
3780 3775
3781 3777
3782 3777
3783 3779
3784 3779
3785 3782
3786 3782
3787 3784
3788 3784
3789 3786
3790 3786
3791 3788
3792 3788
3794 3790
3795 3790
3796 3792
3797 3792
3798 3794
3799 3794
3800 3796
3801 3796
3802 3798
3803 3798
3804 3801
3805 3801
3806 3803
3807 3803
3808 3805
3809 3805
3810 3807
3811 3807
3812 3809
3813 3809
3814 3811
3815 3811
3816 3813
3817 3813
3818 3815
3819 3815
3820 3818
3821 3818
3822 3820
3823 3820
3824 3822
3825 3822
3826 3824
3827 3824
3828 3826
3829 3826
3830 3828
3831 3828
3832 3830
3833 3830
3834 3832
3835 3832
3837 3835
3838 3835
3839 3837
3840 3837
3841 3839
3842 3839
3843 3841
3844 3841
3845 3843
3846 3843
3847 3845
3848 3845
3849 3847
3850 3847
3851 3850
3852 3850
3853 3852
3854 3852
3855 3854
3856 3854
3857 3856
3858 3856
3859 3858
3860 3858
3861 3860
3862 3860
3863 3863
3864 3863
3865 3865
3866 3865
3867 3867
3868 3867
3869 3869
3870 3869
3871 3871
3872 3871
3873 3873
3874 3873
3875 3875
3876 3875
3877 3878
3878 3878
3880 3878
3881 3880
3882 3880
3883 3882
3884 3882
3885 3883
3886 3883
3887 3885
3888 3885
3889 3887
3890 3887
3891 3890
3892 3890
3893 3892
3894 3892
3895 3894
3896 3894
3897 3896
3898 3896
3899 3898
3900 3898
3901 3901
3902 3901
3903 3903
3904 3903
3905 3905
3906 3905
3907 3907
3908 3907
3909 3909
3910 3909
3911 3911
3912 3911
3913 3914
3914 3914
3915 3916
3916 3916
3917 3918
3918 3918
3919 3920
3920 3920
3921 3922
3923 3922
3924 3925
3925 3925
3926 3927
3927 3927
3928 3929
3929 3929
3930 3931
3931 3931
3932 3933
3933 3933
3934 3936
3935 3936
3936 3938
3937 3938
3938 3940
3939 3940
3940 3942
3941 3942
3942 3944
3943 3944
3944 3947
3945 3947
3946 3949
3947 3949
3948 3951
3949 3951
3950 3953
3951 3953
3952 3955
3953 3955
3954 3958
3955 3958
3956 3960
3957 3960
3958 3960
3959 3962
3960 3962
3961 3964
3962 3964
3963 3967
3964 3967
3966 3969
3967 3969
3968 3971
3969 3971
3970 3973
3971 3973
3972 3975
3973 3975
3974 3978
3975 3978
3976 3980
3977 3980
3978 3982
3979 3982
3980 3984
3981 3984
3982 3987
3983 3987
3984 3989
3985 3989
3986 3991
3987 3991
3988 3993
3989 3993
3990 3996
3991 3996
3992 3998
3993 3998
3994 4000
3995 4000
3996 4002
3997 4002
3998 4005
3999 4005
4000 4007
4001 4007
4002 4009
4003 4009
4004 4011
4005 4011
4006 4014
4007 4014
4009 4016
4010 4016
4011 4018
4012 4018
