124 43
126 44
127 44
129 45
131 46
132 45
134 46
135 46
137 47
138 47
140 48
141 48
143 49
144 49
146 50
147 50
149 51
151 52
152 52
154 53
155 53
157 54
158 54
160 55
161 55
163 56
164 56
166 57
167 57
169 58
171 59
172 59
174 60
175 60
177 61
178 61
180 62
181 62
183 63
184 63
186 64
187 64
189 65
191 66
192 66
194 67
195 67
197 67
198 67
200 68
201 68
203 69
204 69
206 70
207 70
209 71
211 72
212 72
214 73
215 73
217 74
218 74
220 75
221 75
223 76
224 76
226 77
227 77
229 78
231 79
232 79
234 80
235 80
237 81
238 81
240 82
241 82
243 83
244 83
246 84
247 84
249 85
251 86
252 86
254 87
255 87
257 88
258 88
260 89
261 88
263 89
264 89
266 90
267 90
269 91
270 91
272 92
274 93
275 93
277 94
278 94
280 95
281 95
283 96
284 96
286 97
287 97
289 98
290 98
292 99
294 100
295 100
297 101
298 101
300 102
301 102
303 103
304 103
306 104
307 104
309 105
310 105
312 106
313 106
315 107
317 108
318 108
320 109
321 109
323 110
324 110
326 110
327 110
329 111
330 111
332 112
333 112
335 113
336 113
338 114
340 115
341 115
343 116
344 116
346 117
347 117
349 118
350 118
352 119
353 119
355 120
356 120
358 121
359 121
361 122
363 123
364 123
366 124
367 124
369 125
370 125
372 126
373 126
375 127
376 127
378 128
379 128
381 129
382 129
384 130
385 130
387 131
389 132
390 131
392 132
393 132
395 133
396 133
398 134
399 134
401 135
402 135
404 136
405 136
407 137
408 137
410 138
411 138
413 139
415 140
416 140
418 141
419 141
421 142
422 142
424 143
425 143
427 144
428 144
430 145
431 145
433 146
434 146
436 147
437 147
439 148
440 148
442 149
444 150
445 150
447 151
448 151
450 152
451 152
453 153
454 152
456 153
457 153
459 154
460 154
462 155
463 155
465 156
466 156
468 157
469 157
471 158
473 159
474 159
476 160
477 160
479 161
480 161
482 162
483 162
485 163
486 163
488 164
489 164
491 165
492 165
494 166
495 166
497 167
498 167
500 168
501 168
503 169
505 170
506 170
508 171
509 171
511 172
512 172
514 173
515 173
517 174
518 173
520 174
521 174
523 175
524 175
526 176
527 176
529 177
530 177
532 178
533 178
535 179
536 179
538 180
540 181
541 181
543 182
544 182
546 183
547 183
549 184
550 184
552 185
553 185
555 186
556 186
558 187
559 187
561 188
562 188
564 189
565 189
567 190
568 190
570 191
571 191
573 192
574 192
576 193
577 193
579 194
580 194
582 194
584 195
585 195
587 196
588 196
590 197
591 197
593 198
594 198
596 199
597 199
599 200
600 200
602 201
603 201
605 202
606 202
608 203
609 203
611 204
612 204
614 205
615 205
617 206
618 206
620 207
621 207
623 208
624 208
626 209
627 209
629 210
630 210
632 211
633 211
635 212
637 213
638 213
640 214
641 214
643 215
644 215
646 216
647 215
649 216
650 216
652 217
653 217
655 218
656 218
658 219
659 219
661 220
662 220
664 221
665 221
667 222
668 222
670 223
671 223
673 224
674 224
676 225
677 225
679 226
680 226
682 227
683 227
685 228
686 228
688 229
689 229
691 230
692 230
694 231
695 231
697 232
698 232
700 233
701 233
703 234
704 234
706 235
707 235
709 236
710 235
712 236
713 236
715 237
716 237
718 238
719 238
721 239
722 239
724 240
725 240
727 241
728 241
730 242
731 242
733 243
734 243
736 244
737 244
739 245
740 245
742 246
743 246
745 247
746 247
748 248
749 248
751 249
752 249
754 250
755 250
757 251
758 251
760 252
761 252
763 253
764 253
766 254
767 254
769 255
770 255
772 256
773 255
775 256
776 256
778 257
779 257
781 258
782 258
784 259
785 259
787 260
788 260
790 261
791 261
793 262
794 262
796 263
797 263
799 264
800 264
802 265
803 265
805 266
806 266
808 267
809 267
811 268
812 268
814 269
815 269
817 270
818 270
820 271
821 271
823 272
824 272
826 273
827 273
829 274
830 274
832 275
833 275
835 276
836 275
838 276
839 276
841 277
842 277
844 278
845 278
847 279
848 279
849 279
851 280
852 280
854 281
855 281
857 282
858 282
860 283
861 283
863 284
864 284
866 285
867 285
869 286
870 286
872 287
873 287
875 288
876 288
878 289
879 289
881 290
882 290
884 291
885 291
887 292
888 292
890 293
891 293
893 294
894 294
896 295
897 295
898 294
900 295
901 295
903 296
904 296
906 297
907 297
909 298
910 298
912 299
913 299
915 300
916 300
918 301
919 301
921 302
922 302
924 303
925 303
927 304
928 304
930 305
931 305
932 305
934 306
935 306
937 307
938 307
940 308
941 308
943 309
944 309
946 310
947 310
949 311
950 311
952 312
953 312
955 313
956 313
958 314
959 314
961 314
962 314
963 314
965 315
966 315
968 316
969 316
971 317
972 317
974 318
975 318
977 319
978 319
980 320
981 320
983 321
984 321
986 322
987 322
988 322
990 323
991 323
993 324
994 324
996 325
997 325
999 326
1000 326
1002 327
1003 327
1005 328
1006 328
1008 329
1009 329
1010 329
1012 330
1013 330
1015 331
1016 331
1018 332
1019 332
1021 333
1022 332
1024 333
1025 333
1027 334
1028 334
1029 334
1031 335
1032 335
1034 336
1035 336
1037 337
1038 337
1040 338
1041 338
1043 339
1044 339
1046 340
1047 340
1048 340
1050 341
1051 341
1053 342
1054 342
1056 343
1057 343
1059 344
1060 344
1062 345
1063 345
1064 345
1066 346
1067 346
1069 347
1070 347
1072 348
1073 348
1075 349
1076 349
1078 350
1079 350
1081 351
1082 351
1083 350
1085 351
1086 351
1088 352
1089 352
1091 353
1092 353
1094 354
1095 354
1096 354
1098 355
1099 355
1101 356
1102 356
1104 357
1105 357
1107 358
1108 358
1110 359
1111 359
1112 359
1114 360
1115 360
1117 361
1118 361
1120 362
1121 362
1123 363
1124 363
1125 363
1127 364
1128 364
1130 365
1131 365
1133 366
1134 366
1136 367
1137 367
1138 367
1140 368
1141 368
1143 369
1144 368
1146 369
1147 369
1149 370
1150 370
1151 370
1153 371
1154 371
1156 372
1157 372
1159 373
1160 373
1162 374
1163 374
1164 374
1166 375
1167 375
1169 376
1170 376
1172 377
1173 377
1175 378
1176 378
1177 378
1179 379
1180 379
1182 380
1183 380
1185 381
1186 381
1187 381
1189 382
1190 382
1192 383
1193 383
1195 384
1196 384
1197 384
1199 385
1200 385
1202 386
1203 386
1205 387
1206 386
1208 387
1209 387
1210 387
1212 388
1213 388
1215 389
1216 389
1218 390
1219 390
1220 390
1222 391
1223 391
1225 392
1226 392
1228 393
1229 393
1230 393
1232 394
1233 394
1235 395
1236 395
1238 396
1239 396
1240 396
1242 397
1243 397
1245 398
1246 398
1248 399
1249 399
1250 399
1252 400
1253 400
1255 401
1256 401
1257 401
1259 402
1260 402
1262 403
1263 403
1265 404
1266 403
1267 403
1269 404
1270 404
1272 405
1273 405
1275 406
1276 406
1277 406
1279 407
1280 407
1282 408
1283 408
1284 408
1286 409
1287 409
1289 410
1290 410
1292 411
1293 411
1294 411
1296 412
1297 412
1299 413
1300 413
1301 413
1303 414
1304 414
1306 415
1307 415
1309 416
1310 416
1311 416
1313 417
1314 417
1316 418
1317 418
1318 418
1320 419
1321 419
1323 420
1324 420
1325 419
1327 420
1328 420
1330 421
1331 421
1332 421
1334 422
1335 422
1337 423
1338 423
1340 424
1341 424
1342 424
1344 425
1345 425
1347 426
1348 426
1349 426
1351 427
1352 427
1354 428
1355 428
1356 428
1358 429
1359 429
1361 430
1362 430
1363 430
1365 431
1366 431
1368 432
1369 432
1370 432
1372 433
1373 433
1375 434
1376 434
1377 434
1379 435
1380 435
1382 436
1383 436
1384 435
1386 436
1387 436
1389 437
1390 437
1391 437
1393 438
1394 438
1396 439
1397 439
1398 439
1400 440
1401 440
1403 441
1404 441
1405 441
1407 442
1408 442
1409 442
1411 443
1412 443
1414 444
1415 444
1416 444
1418 445
1419 445
1421 446
1422 446
1423 446
1425 447
1426 447
1428 448
1429 448
1430 448
1432 449
1433 449
1434 449
1436 450
1437 450
1439 451
1440 451
1441 451
1443 451
1444 451
1446 452
1447 452
1448 452
1450 453
1451 453
1452 453
1454 454
1455 454
1457 455
1458 455
1459 455
1461 456
1462 456
1464 457
1465 457
1466 457
1468 458
1469 458
1470 458
1472 459
1473 459
1475 460
1476 460
1477 460
1479 461
1480 461
1481 461
1483 462
1484 462
1486 463
1487 463
1488 463
1490 464
1491 464
1492 464
1494 465
1495 465
1497 466
1498 466
1499 466
1501 466
1502 466
1503 466
1505 467
1506 467
1508 468
1509 468
1510 468
1512 469
1513 469
1514 469
1516 470
1517 470
1518 470
1520 471
1521 471
1523 472
1524 472
1525 472
1527 473
1528 473
1529 473
1531 474
1532 474
1534 475
1535 475
1536 475
1538 476
1539 476
1540 476
1542 477
1543 477
1544 477
1546 478
1547 478
1549 479
1550 479
1551 479
1553 480
1554 480
1555 480
1557 481
1558 480
1559 480
1561 481
1562 481
1563 481
1565 482
1566 482
1568 483
1569 483
1570 483
1572 484
1573 484
1574 484
1576 485
1577 485
1578 485
1580 486
1581 486
1582 486
1584 487
1585 487
1586 487
1588 488
1589 488
1591 489
1592 489
1593 489
1595 490
1596 490
1597 490
1599 491
1600 491
1601 491
1603 492
1604 492
1605 492
1607 493
1608 493
1609 493
1611 494
1612 494
1613 494
1615 494
1616 494
1617 494
1619 495
1620 495
1621 495
1623 496
1624 496
1626 497
1627 497
1628 497
1630 498
1631 498
1632 498
1634 499
1635 499
1636 499
1638 500
1639 500
1640 500
1642 501
1643 501
1644 501
1646 502
1647 502
1648 502
1650 503
1651 503
1652 503
1654 504
1655 504
1656 504
1658 505
1659 505
1660 505
1662 506
1663 506
1664 506
1666 507
1667 507
1668 507
1670 508
1671 507
1672 507
1674 508
1675 508
1676 508
1678 509
1679 509
1680 509
1682 510
1683 510
1684 510
1686 511
1687 511
1688 511
1690 512
1691 512
1692 512
1693 512
1695 513
1696 513
1697 513
1699 514
1700 514
1701 514
1703 515
1704 515
1705 515
1707 516
1708 516
1709 516
1711 517
1712 517
1713 517
1715 518
1716 518
1717 518
1719 519
1720 519
1721 519
1723 520
1724 520
1725 520
1726 519
1728 520
1729 520
1730 520
1732 521
1733 521
1734 521
1736 522
1737 522
1738 522
1740 523
1741 523
1742 523
1744 524
1745 524
1746 524
1747 524
1749 525
1750 525
1751 525
1753 526
1754 526
1755 526
1757 527
1758 527
1759 527
1761 528
1762 528
1763 528
1764 528
1766 529
1767 529
1768 529
1770 530
1771 530
1772 530
1774 531
1775 531
1776 531
1778 532
1779 532
1780 532
1781 532
1783 532
1784 532
1785 532
1787 533
1788 533
1789 533
1790 533
1792 534
1793 534
1794 534
1796 535
1797 535
1798 535
1800 536
1801 536
1802 536
1803 536
1805 537
1806 537
1807 537
1809 538
1810 538
1811 538
1813 539
1814 539
1815 539
1816 539
1818 540
1819 540
1820 540
1822 541
1823 541
1824 541
1825 541
1827 542
1828 542
1829 542
1831 543
1832 543
1833 543
1834 543
1836 544
1837 543
1838 543
1840 544
1841 544
1842 544
1843 544
1845 545
1846 545
1847 545
1849 546
1850 546
1851 546
1852 546
1854 547
1855 547
1856 547
1857 547
1859 548
1860 548
1861 548
1863 549
1864 549
1865 549
1866 549
1868 550
1869 550
1870 550
1872 551
1873 551
1874 551
1875 551
1877 552
1878 552
1879 552
1880 552
1882 553
1883 553
1884 553
1886 554
1887 554
1888 554
1889 554
1891 554
1892 554
1893 554
1894 554
1896 555
1897 555
1898 555
1899 555
1901 556
1902 556
1903 556
1905 557
1906 557
1907 557
1908 557
1910 558
1911 558
1912 558
1913 558
1915 559
1916 559
1917 559
1918 559
1920 560
1921 560
1922 560
1923 560
1925 561
1926 561
1927 561
1929 562
1930 562
1931 562
1932 562
1934 563
1935 563
1936 563
1937 563
1939 564
1940 564
1941 564
1942 564
1944 564
1945 564
1946 564
1947 564
1949 565
1950 565
1951 565
1952 565
1954 566
1955 566
1956 566
1957 566
1959 567
1960 567
1961 567
1962 567
1964 568
1965 568
1966 568
1967 568
1969 569
1970 569
1971 569
1972 569
1974 570
1975 570
1976 570
1977 570
1979 571
1980 571
1981 571
1982 571
1983 571
1985 572
1986 572
1987 572
1988 572
1990 573
1991 573
1992 573
1993 573
1995 574
1996 573
1997 573
1998 573
2000 574
2001 574
2002 574
2003 574
2005 575
2006 575
2007 575
2008 575
2009 575
2011 576
2012 576
2013 576
2014 576
2016 577
2017 577
2018 577
2019 577
2021 578
2022 578
2023 578
2024 578
2025 578
2027 579
2028 579
2029 579
2030 579
2032 580
2033 580
2034 580
2035 580
2036 580
2038 581
2039 581
2040 581
2041 581
2043 582
2044 582
2045 582
2046 582
2047 581
2049 582
2050 582
2051 582
2052 582
2054 583
2055 583
2056 583
2057 583
2058 583
2060 584
2061 584
2062 584
2063 584
2064 584
2066 585
2067 585
2068 585
2069 585
2071 586
2072 586
2073 586
2074 586
2075 586
2077 587
2078 587
2079 587
2080 587
2081 587
2083 588
2084 588
2085 588
2086 588
2088 589
2089 589
2090 589
2091 589
2092 589
2094 590
2095 590
2096 590
2097 590
2098 589
2100 590
2101 590
2102 590
2103 590
2104 590
2106 591
2107 591
2108 591
2109 591
2110 591
2112 592
2113 592
2114 592
2115 592
2116 592
2118 593
2119 593
2120 593
2121 593
2122 593
2124 594
2125 594
2126 594
2127 594
2128 594
2130 595
2131 595
2132 595
2133 595
2134 595
2135 595
2137 596
2138 596
2139 596
2140 596
2141 596
2143 597
2144 597
2145 597
2146 597
2147 597
2149 597
2150 597
2151 597
2152 597
2153 597
2154 597
2156 598
2157 598
2158 598
2159 598
2160 598
2162 599
2163 599
2164 599
2165 599
2166 599
2167 599
2169 600
2170 600
2171 600
2172 600
2173 600
2175 601
2176 601
2177 601
2178 601
2179 601
2180 601
2182 602
2183 602
2184 602
2185 602
2186 602
2187 602
2189 603
2190 603
2191 603
2192 603
2193 603
2195 604
2196 604
2197 604
2198 603
2199 603
2200 603
2202 604
2203 604
2204 604
2205 604
2206 604
2207 604
2209 605
2210 605
2211 605
2212 605
2213 605
2214 605
2216 606
2217 606
2218 606
2219 606
2220 606
2221 606
2222 606
2224 607
2225 607
2226 607
2227 607
2228 607
2229 607
2231 608
2232 608
2233 608
2234 608
2235 608
2236 608
2238 609
2239 609
2240 609
2241 609
2242 609
2243 609
2244 609
2246 610
2247 610
2248 609
2249 609
2250 609
2251 609
2253 610
2254 610
2255 610
2256 610
2257 610
2258 610
2259 610
2261 611
2262 611
2263 611
2264 611
2265 611
2266 611
2267 611
2269 612
2270 612
2271 612
2272 612
2273 612
2274 612
2275 612
2277 613
2278 613
2279 613
2280 613
2281 613
2282 613
2283 613
2285 614
2286 614
2287 614
2288 614
2289 614
2290 614
2291 614
2293 615
2294 615
2295 615
2296 614
2297 614
2298 614
2299 614
2300 614
2302 615
2303 615
2304 615
2305 615
2306 615
2307 615
2308 615
2310 616
2311 616
2312 616
2313 616
2314 616
2315 616
2316 616
2317 616
2319 617
2320 617
2321 617
2322 617
2323 617
2324 617
2325 617
2326 617
2328 618
2329 618
2330 618
2331 618
2332 618
2333 618
2334 618
2335 618
2336 618
2338 619
2339 619
2340 619
2341 619
2342 619
2343 618
2344 618
2345 618
2347 619
2348 619
2349 619
2350 619
2351 619
2352 619
2353 619
2354 619
2355 619
2357 620
2358 620
2359 620
2360 620
2361 620
2362 620
2363 620
2364 620
2365 620
2367 621
2368 621
2369 621
2370 621
2371 621
2372 621
2373 621
2374 621
2375 621
2377 622
2378 622
2379 622
2380 622
2381 622
2382 622
2383 622
2384 622
2385 622
2386 622
2388 623
2389 623
2390 622
2391 622
2392 622
2393 622
2394 622
2395 622
2396 622
2397 622
2399 623
2400 623
2401 623
2402 623
2403 623
2404 623
2405 623
2406 623
2407 623
2408 623
2409 623
2411 624
2412 624
2413 624
2414 624
2415 624
2416 624
2417 624
2418 624
2419 624
2420 624
2421 624
2423 625
2424 625
2425 625
2426 625
2427 625
2428 625
2429 625
2430 625
2431 625
2432 625
2433 625
2434 625
2436 625
2437 625
2438 625
2439 625
2440 625
2441 625
2442 625
2443 625
2444 625
2445 625
2446 625
2447 625
2448 625
2450 626
2451 626
2452 626
2453 626
2454 626
2455 626
2456 626
2457 626
2458 626
2459 626
2460 626
2461 626
2462 626
2463 626
2465 627
2466 627
2467 627
2468 627
2469 627
2470 627
2471 627
2472 627
2473 627
2474 627
2475 627
2476 627
2477 627
2478 627
2479 627
2481 627
2482 627
2483 627
2484 627
2485 627
2486 627
2487 627
2488 627
2489 627
2490 627
2491 627
2492 627
2493 627
2494 627
2495 627
2496 627
2497 627
2499 628
2500 628
2501 628
2502 628
2503 628
2504 628
2505 628
2506 628
2507 628
2508 628
2509 628
2510 628
2511 628
2512 628
2513 628
2514 628
2515 628
2516 628
2517 628
2519 629
2520 629
2521 629
2522 629
2523 629
2524 629
2525 628
2526 628
2527 628
2528 628
2529 628
2530 628
2531 628
2532 628
2533 628
2534 628
2535 628
2536 628
2537 628
2538 628
2539 628
2540 628
2541 628
2543 629
2544 629
2545 629
2546 629
2547 629
2548 629
2549 629
2550 629
2551 629
2552 629
2553 629
2554 629
2555 629
2556 629
2557 629
2558 629
2559 629
2560 629
2561 629
2562 629
2563 629
2564 629
2565 629
2566 629
2567 629
2568 628
2569 628
2570 628
2571 628
2572 628
2573 628
2574 628
2575 628
2577 629
2578 629
2579 629
2580 629
2581 629
2582 629
2583 629
2584 629
2585 629
2586 629
2587 629
2588 629
2589 629
2590 629
2591 629
2592 629
2593 629
2594 629
2595 629
2596 629
2597 629
2598 629
2599 629
2600 629
2601 629
2602 629
2603 629
2604 629
2605 629
2606 629
2607 629
2608 629
2609 629
2610 629
2611 628
2612 628
2613 628
2614 628
2615 628
2616 628
2617 628
2618 628
2619 628
2620 628
2621 628
2622 628
2623 628
2624 628
2625 628
2626 628
2627 628
2628 628
2629 628
2630 628
2631 628
2632 628
2633 628
2634 628
2635 628
2636 628
2637 628
2638 628
2639 628
2640 628
2641 628
2642 628
2643 628
2644 628
2645 628
2646 628
2647 628
2648 628
2649 628
2650 628
2651 628
2652 628
2653 627
2654 627
2655 627
2656 627
2657 627
2658 627
2659 627
2660 627
2661 627
2662 627
2663 627
2664 627
2665 627
2666 627
2667 627
2668 627
2669 627
2670 627
2671 627
2672 627
2673 627
2674 627
2675 627
2676 627
2677 627
2678 627
2679 627
2680 627
2681 627
2682 627
2683 627
2684 627
2685 627
2686 627
2687 627
2688 627
2688 626
2689 626
2690 626
2691 626
2692 626
2693 626
2694 626
2695 625
2696 625
2697 625
2698 625
2699 625
2700 625
2701 625
2702 625
2703 625
2704 625
2705 625
2706 625
2707 625
2708 625
2709 625
2710 625
2711 625
2712 625
2713 625
2714 625
2715 625
2716 625
2717 625
2718 625
2719 625
2719 624
2720 624
2721 624
2722 624
2723 624
2724 624
2725 624
2726 624
2727 624
2728 624
2729 624
2730 624
2731 624
2732 624
2733 624
2734 624
2735 624
2736 623
2737 623
2738 623
2739 623
2740 623
2741 623
2741 622
2742 622
2743 622
2744 622
2745 622
2746 622
2747 622
2748 622
2749 622
2750 622
2751 622
2752 622
2753 622
2754 622
2755 622
2756 622
2757 622
2758 622
2759 622
2760 622
2760 621
2761 621
2762 621
2763 621
2764 621
2765 621
2766 621
2767 621
2768 621
2769 621
2770 621
2771 621
2772 621
2773 621
2774 621
2775 621
2775 619
2776 619
2777 619
2778 619
2779 619
2780 619
2781 619
2782 619
2783 619
2784 619
2785 619
2786 619
2787 619
2788 619
2789 619
2790 619
2790 618
2791 618
2792 618
2793 618
2794 618
2795 618
2796 618
2797 618
2798 618
2799 618
2800 618
2801 618
2802 618
2802 617
2803 617
2804 617
2805 617
2806 617
2807 617
2808 617
2809 617
2810 617
2811 617
2812 617
2813 617
2814 617
2814 615
2815 615
2816 615
2817 615
2818 615
2819 615
2820 615
2821 615
2822 615
2823 615
2824 615
2825 615
2825 614
2826 614
2827 614
2828 614
2829 614
2830 614
2831 614
2832 614
2833 614
2834 614
2835 614
2836 614
2836 613
2837 613
2838 613
2839 613
2840 613
2841 613
2842 613
2843 613
2844 613
2845 613
2845 612
2846 612
2847 612
2848 612
2849 612
2850 612
2851 612
2852 612
2853 611
2854 611
2855 611
2855 610
2856 610
2857 610
2858 610
2859 610
2860 610
2861 610
2862 610
2863 610
2863 609
2864 609
2865 609
2866 609
2867 609
2868 609
2869 609
2870 609
2871 609
2872 609
2872 608
2873 608
2874 608
2875 608
2876 608
2877 608
2878 608
2879 608
2880 608
2880 607
2881 607
2882 607
2883 607
2884 607
2885 607
2886 607
2887 607
2888 607
2888 606
2889 606
2890 605
2891 605
2892 605
2893 605
2894 605
2895 605
2895 604
2896 604
2897 604
2898 604
2899 604
2900 604
2901 604
2902 604
2903 604
2903 603
2904 603
2905 603
2906 603
2907 603
2908 603
2909 603
2910 603
2910 602
2911 602
2912 602
2913 602
2914 602
2915 602
2916 602
2917 602
2917 601
2918 601
2919 601
2920 601
2921 601
2922 601
2923 601
2923 600
2924 600
2925 600
2926 600
2927 599
2928 599
2929 599
2930 599
2930 598
2931 598
2932 598
2933 598
2934 598
2935 598
2936 598
2936 597
2937 597
2938 597
2939 597
2940 597
2941 597
2942 597
2942 596
2943 596
2944 596
2945 596
2946 596
2947 596
2948 596
2948 595
2949 595
2950 595
2951 595
2952 595
2953 595
2954 595
2954 594
2955 594
2956 594
2957 594
2958 594
2959 594
2960 594
2960 593
2961 593
2962 593
2963 592
2964 592
2965 592
2966 592
2966 591
2967 591
2968 591
2969 591
2970 591
2971 591
2971 590
2972 590
2973 590
2974 590
2975 590
2976 590
2977 590
2977 589
2978 589
2979 589
2980 589
2981 589
2982 589
2982 588
2983 588
2984 588
2985 588
2986 588
2987 588
2987 587
2988 587
2989 587
2990 587
2991 587
2992 587
2992 586
2993 586
2994 586
2995 586
2996 586
2997 586
2997 585
2998 584
2999 584
3000 584
3001 584
3002 584
3002 583
3003 583
3004 583
3005 583
3006 583
3007 583
3007 582
3008 582
3009 582
3010 582
3011 582
3012 582
3012 581
3013 581
3014 581
3015 581
3016 581
3017 581
3017 580
3018 580
3019 580
3020 580
3021 580
3021 579
3022 579
3023 579
3024 579
3025 579
3026 579
3026 578
3027 578
3028 578
3029 578
3030 578
3030 577
3031 577
3032 577
3033 576
3034 576
3035 576
3035 575
3036 575
3037 575
3038 575
3039 575
3039 574
3040 574
3041 574
3042 574
3043 574
3044 574
3044 573
3045 573
3046 573
3047 573
3048 573
3048 572
3049 572
3050 572
3051 572
3052 572
3052 571
3053 571
3054 571
3055 571
3056 571
3056 570
3057 570
3058 570
3059 570
3060 570
3060 569
3061 569
3062 569
3063 569
3064 569
3064 568
3065 568
3066 568
3067 568
3068 567
3068 566
3069 566
3070 566
3071 566
3072 566
3072 565
3073 565
3074 565
3075 565
3076 565
3076 564
3077 564
3078 564
3079 564
3080 564
3080 563
3081 563
3082 563
3083 563
3084 563
3084 562
3085 562
3086 562
3087 562
3087 561
3088 561
3089 561
3090 561
3091 561
3091 560
3092 560
3093 560
3094 560
3095 560
3095 559
3096 559
3097 559
3098 559
3099 559
3099 558
3100 558
3101 557
3102 557
3102 556
3103 556
3104 556
3105 556
3106 556
3106 555
3107 555
3108 555
3109 555
3109 554
3110 554
3111 554
3112 554
3113 554
3113 553
3114 553
3115 553
3116 553
3116 552
3117 552
3118 552
3119 552
3120 552
3120 551
3121 551
3122 551
3123 551
3123 550
3124 550
3125 550
3126 550
3126 549
3127 549
3128 549
3129 549
3130 549
3130 548
3131 548
3132 548
3133 548
3133 546
3134 546
3135 546
3136 546
3136 545
3137 545
3138 545
3139 545
3140 545
3140 544
3141 544
3142 544
3143 544
3143 543
3144 543
3145 543
3146 543
3146 542
3147 542
3148 542
3149 542
3149 541
3150 541
3151 541
3152 541
3152 540
3153 540
3154 540
3155 540
3155 539
3156 539
3157 539
3158 539
3158 538
3159 538
3160 538
3161 538
3161 537
3162 537
3163 537
3164 537
3165 537
3165 535
3166 535
3167 535
3168 535
3168 534
3169 534
3170 534
3171 534
3171 533
3172 533
3173 533
3173 532
3174 532
3175 532
3176 532
3176 531
3177 531
3178 531
3179 531
3179 530
3180 530
3181 530
3182 530
3182 529
3183 529
3184 529
3185 529
3185 528
3186 528
3187 528
3188 528
3188 527
3189 527
3190 527
3191 527
3191 526
3192 526
3193 526
3194 526
3194 525
3195 525
3196 525
3196 523
3197 523
3198 523
3199 523
3199 522
3200 522
3201 522
3202 522
3202 521
3203 521
3204 521
3205 521
3205 520
3206 520
3207 520
3207 519
3208 519
3209 519
3210 519
3210 518
3211 518
3212 518
3213 518
3213 517
3214 517
3215 517
3215 516
3216 516
3217 516
3218 516
3218 515
3219 515
3220 515
3221 515
3221 514
3222 514
3223 514
3223 513
3224 513
3225 513
3226 513
3226 512
3227 511
3228 511
3228 510
3229 510
3230 510
3231 510
3231 509
3232 509
3233 509
3234 509
3234 508
3235 508
3236 508
3236 507
3237 507
3238 507
3239 507
3239 506
3240 506
3241 506
3241 505
3242 505
3243 505
3244 505
3244 504
3245 504
3246 504
3246 503
3247 503
3248 503
3249 503
3249 502
3250 502
3251 502
3251 501
3252 501
3253 501
3253 500
3254 500
3255 500
3256 500
3256 499
3257 498
3258 498
3258 497
3259 497
3260 497
3261 497
3261 496
3262 496
3263 496
3263 495
3264 495
3265 495
3265 494
3266 494
3267 494
3268 494
3268 493
3269 493
3270 493
3270 492
3271 492
3272 492
3272 491
3273 491
3274 491
3275 491
3275 490
3276 490
3277 490
3277 489
3278 489
3279 489
3279 488
3280 488
3281 488
3282 488
3282 487
3283 487
3284 487
3284 486
3285 486
3286 486
3286 484
3287 484
3288 484
3288 483
3289 483
3290 483
3290 482
3291 482
3292 482
3293 482
3293 481
3294 481
3295 481
3295 480
3296 480
3297 480
3297 479
3298 479
3299 479
3299 478
3300 478
3301 478
3301 477
3302 477
3303 477
3304 477
3304 476
3305 476
3306 476
3306 475
3307 475
3308 475
3308 474
3309 474
3310 474
3310 473
3311 473
3312 473
3312 472
3313 472
3314 472
3314 471
3315 470
3316 470
3316 469
3317 469
3318 469
3318 468
3319 468
3320 468
3321 468
3321 467
3322 467
3323 467
3323 466
3324 466
3325 466
3325 465
3326 465
3327 465
3327 464
3328 464
3329 464
3329 463
3330 463
3331 463
3331 462
3332 462
3333 462
3333 461
3334 461
3335 461
3335 460
3336 460
3337 460
3337 459
3338 459
3339 459
3339 458
3340 458
3341 458
3341 457
3342 457
3343 457
3343 456
3344 455
3345 455
3345 454
3346 454
3347 454
3347 453
3348 453
3349 453
3349 452
3350 452
3351 452
3351 451
3352 451
3353 451
3353 450
3354 450
3355 450
3355 449
3356 449
3357 449
3357 448
3358 448
3358 447
3359 447
3360 447
3360 446
3361 446
3362 446
3362 445
3363 445
3364 445
3364 444
3365 444
3366 444
3366 443
3367 443
3368 443
3368 442
3369 442
3370 442
3370 441
3371 441
3372 440
3372 439
3373 439
3374 439
3374 438
3375 438
3375 437
3376 437
3377 437
3377 436
3378 436
3379 436
3379 435
3380 435
3381 435
3381 434
3382 434
3383 434
3383 433
3384 433
3385 433
3385 432
3386 432
3386 431
3387 431
3388 431
3388 430
3389 430
3390 430
3390 429
3391 429
3392 429
3392 428
3393 428
3394 428
3394 427
3395 427
3395 426
3396 426
3397 426
3397 425
3398 425
3399 424
3399 423
3400 423
3401 423
3401 422
3402 422
3402 421
3403 421
3404 421
3404 420
3405 420
3406 420
3406 419
3407 419
3408 419
3408 418
3409 418
3409 417
3410 417
3411 417
3411 416
3412 416
3413 416
3413 415
3414 415
3414 414
3415 414
3416 414
3416 413
3417 413
3418 413
3418 412
3419 412
3420 412
3420 411
3421 411
3421 410
3422 410
3423 410
3423 409
3424 409
3425 409
3425 407
3426 407
3426 406
3427 406
3428 406
3428 405
3429 405
3430 405
3430 404
3431 404
3431 403
3432 403
3433 403
3433 402
3434 402
3435 402
3435 401
3436 401
3436 400
3437 400
3438 400
3438 399
3439 399
3439 398
3440 398
3441 398
3441 397
3442 397
3443 397
3443 396
3444 396
3444 395
3445 395
3446 395
3446 394
3447 394
3448 394
3448 393
3449 393
3449 392
3450 392
3451 392
3451 390
3452 390
3452 389
3453 389
3454 389
3454 388
3455 388
3455 387
3456 387
3457 387
3457 386
3458 386
3459 386
3459 385
3460 385
3460 384
3461 384
3462 384
3462 383
3463 383
3463 382
3464 382
3465 382
3465 381
3466 381
3466 380
3467 380
3468 380
3468 379
3469 379
3469 378
3470 378
3471 378
3471 377
3472 377
3473 377
3473 376
3474 376
3474 375
3475 375
3476 375
3476 374
3477 373
3477 372
3478 372
3479 372
3479 371
3480 371
3480 370
3481 370
3482 370
3482 369
3483 369
3483 368
3484 368
3485 368
3485 367
3486 367
3486 366
3487 366
3488 366
3488 365
3489 365
3489 364
3490 364
3491 364
3491 363
3492 363
3492 362
3493 362
3494 362
3494 361
3495 361
3495 360
3496 360
3497 360
3497 359
3498 359
3498 358
3499 358
3499 357
3500 357
3501 357
3501 356
3502 355
3502 354
3503 354
3504 354
3504 353
3505 353
3505 352
3506 352
3507 352
3507 351
3508 351
3508 350
3509 350
3510 350
3510 349
3511 349
3511 348
3512 348
3512 347
3513 347
3514 347
3514 346
3515 346
3515 345
3516 345
3517 345
3517 344
3518 344
3518 343
3519 343
3519 342
3520 342
3521 342
3521 341
3522 341
3522 340
3523 340
3524 340
3524 339
3525 339
3525 338
3526 338
3526 336
3527 336
3528 336
3528 335
3529 335
3529 334
3530 334
3531 334
3531 333
3532 333
3532 332
3533 332
3533 331
3534 331
3535 331
3535 330
3536 330
3536 329
3537 329
3538 329
3538 328
3539 328
3539 327
3540 327
3540 326
3541 326
3542 326
3542 325
3543 325
3543 324
3544 324
3544 323
3545 323
3546 323
3546 322
3547 322
3547 321
3548 321
3548 320
3549 320
3550 320
3550 319
3551 318
3551 317
3552 317
3552 316
3553 316
3554 316
3554 315
3555 315
3555 314
3556 314
3556 313
3557 313
3558 313
3558 312
3559 312
3559 311
3560 311
3560 310
3561 310
3562 310
3562 309
3563 309
3563 308
3564 308
3564 307
3565 307
3566 307
3566 306
3567 306
3567 305
3568 305
3568 304
3569 304
3569 303
3570 303
3571 303
3571 302
3572 302
3572 301
3573 301
3573 300
3574 300
3575 299
3575 298
3576 298
3576 297
3577 297
3577 296
3578 296
3578 295
3579 295
3580 295
3580 294
3581 294
3581 293
3582 293
3582 292
3583 292
3584 292
3584 291
3585 291
3585 290
3586 290
3586 289
3587 289
3587 288
3588 288
3589 288
3589 287
3590 287
3590 286
3591 286
3591 285
3592 285
3592 284
3593 284
3594 284
3594 283
3595 283
3595 282
3596 282
3596 281
3597 281
3597 280
3598 280
3599 279
3599 278
3600 278
3600 277
3601 277
3601 276
3602 276
3602 275
3603 275
3604 275
3604 274
3605 274
3605 273
3606 273
3606 272
3607 272
3607 271
3608 271
3608 270
3609 270
3610 270
3610 269
3611 269
3611 268
3612 268
3612 267
3613 267
3613 266
3614 266
3615 266
3615 265
3616 265
3616 264
3617 264
3617 263
3618 263
3618 262
3619 262
3619 261
3620 261
3621 261
3621 260
3622 259
3622 258
3623 258
3623 257
3624 257
3624 256
3625 256
3625 255
3626 255
3627 255
3627 254
3628 254
3628 253
3629 253
3629 252
3630 252
3630 251
3631 251
3631 250
3632 250
3633 250
3633 249
3634 249
3634 248
3635 248
3635 247
3636 247
3636 246
3637 246
3637 245
3638 245
3638 244
3639 244
3640 244
3640 243
3641 243
3641 242
3642 242
3642 241
3643 241
3643 240
3644 240
3644 238
3645 238
3645 237
3646 237
3647 237
3647 236
3648 236
3648 235
3649 235
3649 234
3650 234
3650 233
3651 233
3651 232
3652 232
3652 231
3653 231
3654 231
3654 230
3655 230
3655 229
3656 229
3656 228
3657 228
3657 227
3658 227
3658 226
3659 226
3659 225
3660 225
3660 224
3661 224
3662 224
3662 223
3663 223
3663 222
3664 222
3664 221
3665 221
3665 220
3666 220
3666 219
3667 218
3667 217
3668 217
3668 216
3669 216
3670 216
3670 215
3671 215
3671 214
3672 214
3672 213
3673 213
3673 212
3674 212
3674 211
3675 211
3675 210
3676 210
3676 209
3677 209
3677 208
3678 208
3679 208
3679 207
3680 207
3680 206
3681 206
3681 205
3682 205
3682 204
3683 204
3683 203
3684 203
3684 202
3685 202
3685 201
3686 201
3686 200
3687 200
3687 199
3688 199
3689 199
3689 197
3690 197
3690 196
3691 196
3691 195
3692 195
3692 194
3693 194
3693 193
3694 193
3694 192
3695 192
3695 191
3696 191
3696 190
3697 190
3697 189
3698 189
3698 188
3699 188
3700 188
3700 187
3701 187
3701 186
3702 186
3702 185
3703 185
3703 184
3704 184
3704 183
3705 183
3705 182
3706 182
3706 181
3707 181
3707 180
3708 180
3708 179
3709 179
3709 178
3710 178
3710 177
3711 176
3711 175
3712 175
3713 175
3713 174
3714 174
3714 173
3715 173
3715 172
3716 172
3716 171
3717 171
3717 170
3718 170
3718 169
3719 169
3719 168
3720 168
3720 167
3721 167
3721 166
3722 166
3722 165
3723 165
3723 164
3724 164
3724 163
3725 163
3725 162
3726 162
3726 161
3727 161
3727 160
3728 160
3729 160
3729 159
3730 159
3730 158
3731 158
3731 157
3732 157
3732 156
3733 155
3733 154
3734 154
3734 153
3735 153
3735 152
3736 152
3736 151
3737 151
3737 150
3738 150
3738 149
3739 149
3739 148
3740 148
3740 147
3741 147
3741 146
3742 146
3742 145
3743 145
3743 144
3744 144
3744 143
3745 143
3745 142
3746 142
3746 141
3747 141
3747 140
3748 140
3749 140
3749 139
3750 139
3750 138
3751 138
3751 137
3752 137
3752 136
3753 136
3753 135
3754 135
3754 133
3755 133
3755 132
3756 132
3756 131
3757 131
3757 130
3758 130
3758 129
3759 129
3759 128
3760 128
3760 127
3761 127
3761 126
3762 126
3762 125
3763 125
3763 124
3764 124
3764 123
3765 123
3765 122
3766 122
3766 121
3767 121
3767 120
3768 120
3768 119
3769 119
3769 118
3770 118
3770 117
3771 117
3771 116
3772 116
3772 115
3773 115
3773 114
3774 114
3774 113
3775 113
3775 111
3776 111
3776 110
3777 110
3777 109
3778 109
3778 108
3779 108
3779 107
3780 107
3780 106
3781 106
3781 105
3782 105
3782 104
3783 104
3783 103
3784 103
3784 102
3785 102
3785 101
3786 101
3786 100
3787 100
3787 99
3788 99
3789 99
3789 98
3790 98
3790 97
3791 97
3791 96
3792 96
3792 95
3793 95
3793 94
3794 94
3794 93
3795 93
3795 92
3796 92
3796 91
3797 91
3797 89
3798 89
3798 88
3799 88
3799 87
3800 87
3800 86
3801 86
3801 85
3802 85
3802 84
3803 84
3803 83
3804 83
3804 82
3805 82
3805 81
3806 81
3806 80
3807 80
3807 79
3808 79
3808 78
3809 78
3809 77
3810 77
3810 76
3811 76
3811 75
3812 75
3812 74
3813 74
3813 73
3814 73
3814 72
3815 72
3815 71
3816 71
3816 70
3817 70
3817 69
3818 69
3818 67
3819 67
3819 66
3820 66
3820 65
3821 65
3821 64
3822 64
3822 63
3823 63
3823 62
3824 62
3824 61
3825 61
3825 60
3826 60
3826 59
3827 59
3827 58
3827 57
3828 57
3828 56
3829 56
3829 55
3830 55
3830 54
3831 54
3831 53
3832 53
3832 52
3833 52
3833 51
3834 51
3834 50
3835 50
3835 49
3836 49
3836 48
3837 48
3837 47
3838 47
3838 46
3839 45
3839 44
3840 44
3840 43
3841 43
3841 42
3842 42
3842 41
3843 41
3843 40
3844 40
3844 39
3845 39
3845 38
3846 38
3846 37
3847 37
3847 36
3848 36
3848 35
3849 35
3849 34
3850 34
3850 33
3851 33
3851 32
3852 32
3852 31
3853 31
3853 30
3854 30
3854 29
3855 29
3855 28
3856 28
3856 27
3857 27
3857 26
3858 26
3858 25
3859 25
3859 24
3860 23
3860 22
3861 22
3861 21
3862 21
3862 20
3863 20
3863 19
3864 19
3864 18
3865 18
3865 17
3866 17
3866 16
3867 16
3867 15
3868 15
3868 14
3869 14
3869 13
3870 13
3870 12
3871 12
3871 11
3872 11
3872 10
3873 10
3873 9
3874 9
3874 8
3875 8
3875 7
3876 7
3876 6
3877 6
3877 5
3878 5
3878 4
3879 4
3879 3
3880 3
3880 2
3880 0
3881 0
3881 -1
3882 -1
3882 -2
3883 -2
3883 -3
3884 -3
3884 -4
3885 -4
3885 -5
3886 -5
3886 -6
3887 -6
3887 -7
3888 -7
3888 -8
3889 -8
3889 -9
3890 -9
3890 -10
3891 -10
3891 -11
3892 -11
3892 -12
3893 -12
3893 -13
3894 -13
3894 -14
3895 -14
3895 -15
3896 -15
3896 -16
3897 -16
3897 -17
3898 -17
3898 -18
3899 -18
3899 -19
3900 -19
3900 -20
3901 -20
3901 -22
3902 -22
3902 -23
3903 -23
3903 -24
3904 -24
3904 -25
3905 -25
3905 -26
3906 -26
3906 -27
3907 -27
3907 -28
3908 -28
3908 -29
3909 -29
3909 -30
3910 -30
3910 -31
3911 -31
3911 -32
3912 -32
3912 -33
3913 -33
3913 -34
3914 -34
3914 -35
3915 -35
3915 -36
3916 -36
3916 -37
3917 -37
3917 -38
3918 -38
3918 -39
3918 -40
3919 -40
3919 -41
3920 -41
3920 -42
3921 -42
3921 -43
3922 -44
3922 -45
3923 -45
3923 -46
3924 -46
3924 -47
3925 -47
3925 -48
3926 -48
3926 -49
3927 -49
3927 -50
3928 -50
3928 -51
3929 -51
3929 -52
3930 -52
3930 -53
3931 -53
3931 -54
3932 -54
3932 -55
3933 -55
3933 -56
3934 -56
3934 -57
3935 -57
3935 -58
3936 -58
3936 -59
3937 -59
3937 -60
3938 -60
3938 -61
3939 -61
3939 -62
3940 -62
3940 -63
3941 -63
3941 -64
3942 -64
3942 -65
3943 -66
3943 -67
3944 -67
3944 -68
