81 124
82 126
83 127
84 129
85 131
87 132
88 134
89 135
90 137
91 138
92 140
93 141
94 143
95 144
96 146
97 147
98 149
99 151
100 152
101 154
102 155
103 157
104 158
105 160
106 161
107 163
108 164
109 166
110 167
111 169
112 171
113 172
114 174
115 175
116 177
117 178
118 180
119 181
120 183
121 184
122 186
123 187
124 189
125 191
126 192
127 194
128 195
130 197
131 198
132 200
133 201
134 203
135 204
136 206
137 207
138 209
139 211
140 212
141 214
142 215
143 217
144 218
145 220
146 221
147 223
148 224
149 226
150 227
151 229
152 231
153 232
154 234
155 235
156 237
157 238
158 240
159 241
160 243
161 244
162 246
163 247
164 249
165 251
166 252
167 254
168 255
169 257
170 258
171 260
173 261
174 263
175 264
176 266
177 267
178 269
179 270
180 272
181 274
182 275
183 277
184 278
185 280
186 281
187 283
188 284
189 286
190 287
191 289
192 290
193 292
194 294
195 295
196 297
197 298
198 300
199 301
200 303
201 304
202 306
203 307
204 309
205 310
206 312
207 313
208 315
209 317
210 318
211 320
212 321
213 323
214 324
216 326
217 327
218 329
219 330
220 332
221 333
222 335
223 336
224 338
225 340
226 341
227 343
228 344
229 346
230 347
231 349
232 350
233 352
234 353
235 355
236 356
237 358
238 359
239 361
240 363
241 364
242 366
243 367
244 369
245 370
246 372
247 373
248 375
249 376
250 378
251 379
252 381
253 382
254 384
255 385
256 387
257 389
259 390
260 392
261 393
262 395
263 396
264 398
265 399
266 401
267 402
268 404
269 405
270 407
271 408
272 410
273 411
274 413
275 415
276 416
277 418
278 419
279 421
280 422
281 424
282 425
283 427
284 428
285 430
286 431
287 433
288 434
289 436
290 437
291 439
292 440
293 442
294 444
295 445
296 447
297 448
298 450
299 451
300 453
302 454
303 456
304 457
305 459
306 460
307 462
308 463
309 465
310 466
311 468
312 469
313 471
314 473
315 474
316 476
317 477
318 479
319 480
320 482
321 483
322 485
323 486
324 488
325 489
326 491
327 492
328 494
329 495
330 497
331 498
332 500
333 501
334 503
335 505
336 506
337 508
338 509
339 511
340 512
341 514
342 515
343 517
345 518
346 520
347 521
348 523
349 524
350 526
351 527
352 529
353 530
354 532
355 533
356 535
357 536
358 538
359 540
360 541
361 543
362 544
363 546
364 547
365 549
366 550
367 552
368 553
369 555
370 556
371 558
372 559
373 561
374 562
375 564
376 565
377 567
378 568
379 570
380 571
381 573
382 574
383 576
384 577
385 579
386 580
388 582
389 584
390 585
391 587
392 588
393 590
394 591
395 593
396 594
397 596
398 597
399 599
400 600
401 602
402 603
403 605
404 606
405 608
406 609
407 611
408 612
409 614
410 615
411 617
412 618
413 620
414 621
415 623
416 624
417 626
418 627
419 629
420 630
421 632
422 633
423 635
424 637
425 638
426 640
427 641
428 643
429 644
430 646
432 647
433 649
434 650
435 652
436 653
437 655
438 656
439 658
440 659
441 661
442 662
443 664
444 665
445 667
446 668
447 670
448 671
449 673
450 674
451 676
452 677
453 679
454 680
455 682
456 683
457 685
458 686
459 688
460 689
461 691
462 692
463 694
464 695
465 697
466 698
467 700
468 701
469 703
470 704
471 706
472 707
473 709
475 710
476 712
477 713
478 715
479 716
480 718
481 719
482 721
483 722
484 724
485 725
486 727
487 728
488 730
489 731
490 733
491 734
492 736
493 737
494 739
495 740
496 742
497 743
498 745
499 746
500 748
501 749
502 751
503 752
504 754
505 755
506 757
507 758
508 760
509 761
510 763
511 764
512 766
513 767
514 769
515 770
516 772
518 773
519 775
520 776
521 778
522 779
523 781
524 782
525 784
526 785
527 787
528 788
529 790
530 791
531 793
532 794
533 796
534 797
535 799
536 800
537 802
538 803
539 805
540 806
541 808
542 809
543 811
544 812
545 814
546 815
547 817
548 818
549 820
550 821
551 823
552 824
553 826
554 827
555 829
556 830
557 832
558 833
559 835
561 836
562 838
563 839
564 841
565 842
566 844
567 845
568 847
569 848
570 849
571 851
572 852
573 854
574 855
575 857
576 858
577 860
578 861
579 863
580 864
581 866
582 867
583 869
584 870
585 872
586 873
587 875
588 876
589 878
590 879
591 881
592 882
593 884
594 885
595 887
596 888
597 890
598 891
599 893
600 894
601 896
602 897
604 898
605 900
606 901
607 903
608 904
609 906
610 907
611 909
612 910
613 912
614 913
615 915
616 916
617 918
618 919
619 921
620 922
621 924
622 925
623 927
624 928
625 930
626 931
627 932
628 934
629 935
630 937
631 938
632 940
633 941
634 943
635 944
636 946
637 947
638 949
639 950
640 952
641 953
642 955
643 956
644 958
645 959
647 961
648 962
649 963
650 965
651 966
652 968
653 969
654 971
655 972
656 974
657 975
658 977
659 978
660 980
661 981
662 983
663 984
664 986
665 987
666 988
667 990
668 991
669 993
670 994
671 996
672 997
673 999
674 1000
675 1002
676 1003
677 1005
678 1006
679 1008
680 1009
681 1010
682 1012
683 1013
684 1015
685 1016
686 1018
687 1019
688 1021
690 1022
691 1024
692 1025
693 1027
694 1028
695 1029
696 1031
697 1032
698 1034
699 1035
700 1037
701 1038
702 1040
703 1041
704 1043
705 1044
706 1046
707 1047
708 1048
709 1050
710 1051
711 1053
712 1054
713 1056
714 1057
715 1059
716 1060
717 1062
718 1063
719 1064
720 1066
721 1067
722 1069
723 1070
724 1072
725 1073
726 1075
727 1076
728 1078
729 1079
730 1081
731 1082
733 1083
734 1085
735 1086
736 1088
737 1089
738 1091
739 1092
740 1094
741 1095
742 1096
743 1098
744 1099
745 1101
746 1102
747 1104
748 1105
749 1107
750 1108
751 1110
752 1111
753 1112
754 1114
755 1115
756 1117
757 1118
758 1120
759 1121
760 1123
761 1124
762 1125
763 1127
764 1128
765 1130
766 1131
767 1133
768 1134
769 1136
770 1137
771 1138
772 1140
773 1141
774 1143
776 1144
777 1146
778 1147
779 1149
780 1150
781 1151
782 1153
783 1154
784 1156
785 1157
786 1159
787 1160
788 1162
789 1163
790 1164
791 1166
792 1167
793 1169
794 1170
795 1172
796 1173
797 1175
798 1176
799 1177
800 1179
801 1180
802 1182
803 1183
804 1185
805 1186
806 1187
807 1189
808 1190
809 1192
810 1193
811 1195
812 1196
813 1197
814 1199
815 1200
816 1202
817 1203
818 1205
820 1206
821 1208
822 1209
823 1210
824 1212
825 1213
826 1215
827 1216
828 1218
829 1219
830 1220
831 1222
832 1223
833 1225
834 1226
835 1228
836 1229
837 1230
838 1232
839 1233
840 1235
841 1236
842 1238
843 1239
844 1240
845 1242
846 1243
847 1245
848 1246
849 1248
850 1249
851 1250
852 1252
853 1253
854 1255
855 1256
856 1257
857 1259
858 1260
859 1262
860 1263
861 1265
863 1266
864 1267
865 1269
866 1270
867 1272
868 1273
869 1275
870 1276
871 1277
872 1279
873 1280
874 1282
875 1283
876 1284
877 1286
878 1287
879 1289
880 1290
881 1292
882 1293
883 1294
884 1296
885 1297
886 1299
887 1300
888 1301
889 1303
890 1304
891 1306
892 1307
893 1309
894 1310
895 1311
896 1313
897 1314
898 1316
899 1317
900 1318
901 1320
902 1321
903 1323
904 1324
906 1325
907 1327
908 1328
909 1330
910 1331
911 1332
912 1334
913 1335
914 1337
915 1338
916 1340
917 1341
918 1342
919 1344
920 1345
921 1347
922 1348
923 1349
924 1351
925 1352
926 1354
927 1355
928 1356
929 1358
930 1359
931 1361
932 1362
933 1363
934 1365
935 1366
936 1368
937 1369
938 1370
939 1372
940 1373
941 1375
942 1376
943 1377
944 1379
945 1380
946 1382
947 1383
949 1384
950 1386
951 1387
952 1389
953 1390
954 1391
955 1393
956 1394
957 1396
958 1397
959 1398
960 1400
961 1401
962 1403
963 1404
964 1405
965 1407
966 1408
967 1409
968 1411
969 1412
970 1414
971 1415
972 1416
973 1418
974 1419
975 1421
976 1422
977 1423
978 1425
979 1426
980 1428
981 1429
982 1430
983 1432
984 1433
985 1434
986 1436
987 1437
988 1439
989 1440
990 1441
992 1443
993 1444
994 1446
995 1447
996 1448
997 1450
998 1451
999 1452
1000 1454
1001 1455
1002 1457
1003 1458
1004 1459
1005 1461
1006 1462
1007 1464
1008 1465
1009 1466
1010 1468
1011 1469
1012 1470
1013 1472
1014 1473
1015 1475
1016 1476
1017 1477
1018 1479
1019 1480
1020 1481
1021 1483
1022 1484
1023 1486
1024 1487
1025 1488
1026 1490
1027 1491
1028 1492
1029 1494
1030 1495
1031 1497
1032 1498
1033 1499
1035 1501
1036 1502
1037 1503
1038 1505
1039 1506
1040 1508
1041 1509
1042 1510
1043 1512
1044 1513
1045 1514
1046 1516
1047 1517
1048 1518
1049 1520
1050 1521
1051 1523
1052 1524
1053 1525
1054 1527
1055 1528
1056 1529
1057 1531
1058 1532
1059 1534
1060 1535
1061 1536
1062 1538
1063 1539
1064 1540
1065 1542
1066 1543
1067 1544
1068 1546
1069 1547
1070 1549
1071 1550
1072 1551
1073 1553
1074 1554
1075 1555
1076 1557
1078 1558
1079 1559
1080 1561
1081 1562
1082 1563
1083 1565
1084 1566
1085 1568
1086 1569
1087 1570
1088 1572
1089 1573
1090 1574
1091 1576
1092 1577
1093 1578
1094 1580
1095 1581
1096 1582
1097 1584
1098 1585
1099 1586
1100 1588
1101 1589
1102 1591
1103 1592
1104 1593
1105 1595
1106 1596
1107 1597
1108 1599
1109 1600
1110 1601
1111 1603
1112 1604
1113 1605
1114 1607
1115 1608
1116 1609
1117 1611
1118 1612
1119 1613
1121 1615
1122 1616
1123 1617
1124 1619
1125 1620
1126 1621
1127 1623
1128 1624
1129 1626
1130 1627
1131 1628
1132 1630
1133 1631
1134 1632
1135 1634
1136 1635
1137 1636
1138 1638
1139 1639
1140 1640
1141 1642
1142 1643
1143 1644
1144 1646
1145 1647
1146 1648
1147 1650
1148 1651
1149 1652
1150 1654
1151 1655
1152 1656
1153 1658
1154 1659
1155 1660
1156 1662
1157 1663
1158 1664
1159 1666
1160 1667
1161 1668
1162 1670
1164 1671
1165 1672
1166 1674
1167 1675
1168 1676
1169 1678
1170 1679
1171 1680
1172 1682
1173 1683
1174 1684
1175 1686
1176 1687
1177 1688
1178 1690
1179 1691
1180 1692
1181 1693
1182 1695
1183 1696
1184 1697
1185 1699
1186 1700
1187 1701
1188 1703
1189 1704
1190 1705
1191 1707
1192 1708
1193 1709
1194 1711
1195 1712
1196 1713
1197 1715
1198 1716
1199 1717
1200 1719
1201 1720
1202 1721
1203 1723
1204 1724
1205 1725
1207 1726
1208 1728
1209 1729
1210 1730
1211 1732
1212 1733
1213 1734
1214 1736
1215 1737
1216 1738
1217 1740
1218 1741
1219 1742
1220 1744
1221 1745
1222 1746
1223 1747
1224 1749
1225 1750
1226 1751
1227 1753
1228 1754
1229 1755
1230 1757
1231 1758
1232 1759
1233 1761
1234 1762
1235 1763
1236 1764
1237 1766
1238 1767
1239 1768
1240 1770
1241 1771
1242 1772
1243 1774
1244 1775
1245 1776
1246 1778
1247 1779
1248 1780
1249 1781
1251 1783
1252 1784
1253 1785
1254 1787
1255 1788
1256 1789
1257 1790
1258 1792
1259 1793
1260 1794
1261 1796
1262 1797
1263 1798
1264 1800
1265 1801
1266 1802
1267 1803
1268 1805
1269 1806
1270 1807
1271 1809
1272 1810
1273 1811
1274 1813
1275 1814
1276 1815
1277 1816
1278 1818
1279 1819
1280 1820
1281 1822
1282 1823
1283 1824
1284 1825
1285 1827
1286 1828
1287 1829
1288 1831
1289 1832
1290 1833
1291 1834
1292 1836
1294 1837
1295 1838
1296 1840
1297 1841
1298 1842
1299 1843
1300 1845
1301 1846
1302 1847
1303 1849
1304 1850
1305 1851
1306 1852
1307 1854
1308 1855
1309 1856
1310 1857
1311 1859
1312 1860
1313 1861
1314 1863
1315 1864
1316 1865
1317 1866
1318 1868
1319 1869
1320 1870
1321 1872
1322 1873
1323 1874
1324 1875
1325 1877
1326 1878
1327 1879
1328 1880
1329 1882
1330 1883
1331 1884
1332 1886
1333 1887
1334 1888
1335 1889
1337 1891
1338 1892
1339 1893
1340 1894
1341 1896
1342 1897
1343 1898
1344 1899
1345 1901
1346 1902
1347 1903
1348 1905
1349 1906
1350 1907
1351 1908
1352 1910
1353 1911
1354 1912
1355 1913
1356 1915
1357 1916
1358 1917
1359 1918
1360 1920
1361 1921
1362 1922
1363 1923
1364 1925
1365 1926
1366 1927
1367 1929
1368 1930
1369 1931
1370 1932
1371 1934
1372 1935
1373 1936
1374 1937
1375 1939
1376 1940
1377 1941
1378 1942
1380 1944
1381 1945
1382 1946
1383 1947
1384 1949
1385 1950
1386 1951
1387 1952
1388 1954
1389 1955
1390 1956
1391 1957
1392 1959
1393 1960
1394 1961
1395 1962
1396 1964
1397 1965
1398 1966
1399 1967
1400 1969
1401 1970
1402 1971
1403 1972
1404 1974
1405 1975
1406 1976
1407 1977
1408 1979
1409 1980
1410 1981
1411 1982
1412 1983
1413 1985
1414 1986
1415 1987
1416 1988
1417 1990
1418 1991
1419 1992
1420 1993
1421 1995
1423 1996
1424 1997
1425 1998
1426 2000
1427 2001
1428 2002
1429 2003
1430 2005
1431 2006
1432 2007
1433 2008
1434 2009
1435 2011
1436 2012
1437 2013
1438 2014
1439 2016
1440 2017
1441 2018
1442 2019
1443 2021
1444 2022
1445 2023
1446 2024
1447 2025
1448 2027
1449 2028
1450 2029
1451 2030
1452 2032
1453 2033
1454 2034
1455 2035
1456 2036
1457 2038
1458 2039
1459 2040
1460 2041
1461 2043
1462 2044
1463 2045
1464 2046
1466 2047
1467 2049
1468 2050
1469 2051
1470 2052
1471 2054
1472 2055
1473 2056
1474 2057
1475 2058
1476 2060
1477 2061
1478 2062
1479 2063
1480 2064
1481 2066
1482 2067
1483 2068
1484 2069
1485 2071
1486 2072
1487 2073
1488 2074
1489 2075
1490 2077
1491 2078
1492 2079
1493 2080
1494 2081
1495 2083
1496 2084
1497 2085
1498 2086
1499 2088
1500 2089
1501 2090
1502 2091
1503 2092
1504 2094
1505 2095
1506 2096
1507 2097
1509 2098
1510 2100
1511 2101
1512 2102
1513 2103
1514 2104
1515 2106
1516 2107
1517 2108
1518 2109
1519 2110
1520 2112
1521 2113
1522 2114
1523 2115
1524 2116
1525 2118
1526 2119
1527 2120
1528 2121
1529 2122
1530 2124
1531 2125
1532 2126
1533 2127
1534 2128
1535 2130
1536 2131
1537 2132
1538 2133
1539 2134
1540 2135
1541 2137
1542 2138
1543 2139
1544 2140
1545 2141
1546 2143
1547 2144
1548 2145
1549 2146
1550 2147
1552 2149
1553 2150
1554 2151
1555 2152
1556 2153
1557 2154
1558 2156
1559 2157
1560 2158
1561 2159
1562 2160
1563 2162
1564 2163
1565 2164
1566 2165
1567 2166
1568 2167
1569 2169
1570 2170
1571 2171
1572 2172
1573 2173
1574 2175
1575 2176
1576 2177
1577 2178
1578 2179
1579 2180
1580 2182
1581 2183
1582 2184
1583 2185
1584 2186
1585 2187
1586 2189
1587 2190
1588 2191
1589 2192
1590 2193
1591 2195
1592 2196
1593 2197
1595 2198
1596 2199
1597 2200
1598 2202
1599 2203
1600 2204
1601 2205
1602 2206
1603 2207
1604 2209
1605 2210
1606 2211
1607 2212
1608 2213
1609 2214
1610 2216
1611 2217
1612 2218
1613 2219
1614 2220
1615 2221
1616 2222
1617 2224
1618 2225
1619 2226
1620 2227
1621 2228
1622 2229
1623 2231
1624 2232
1625 2233
1626 2234
1627 2235
1628 2236
1629 2238
1630 2239
1631 2240
1632 2241
1633 2242
1634 2243
1635 2244
1636 2246
1637 2247
1639 2248
1640 2249
1641 2250
1642 2251
1643 2253
1644 2254
1645 2255
1646 2256
1647 2257
1648 2258
1649 2259
1650 2261
1651 2262
1652 2263
1653 2264
1654 2265
1655 2266
1656 2267
1657 2269
1658 2270
1659 2271
1660 2272
1661 2273
1662 2274
1663 2275
1664 2277
1665 2278
1666 2279
1667 2280
1668 2281
1669 2282
1670 2283
1671 2285
1672 2286
1673 2287
1674 2288
1675 2289
1676 2290
1677 2291
1678 2293
1679 2294
1680 2295
1682 2296
1683 2297
1684 2298
1685 2299
1686 2300
1687 2302
1688 2303
1689 2304
1690 2305
1691 2306
1692 2307
1693 2308
1694 2310
1695 2311
1696 2312
1697 2313
1698 2314
1699 2315
1700 2316
1701 2317
1702 2319
1703 2320
1704 2321
1705 2322
1706 2323
1707 2324
1708 2325
1709 2326
1710 2328
1711 2329
1712 2330
1713 2331
1714 2332
1715 2333
1716 2334
1717 2335
1718 2336
1719 2338
1720 2339
1721 2340
1722 2341
1723 2342
1725 2343
1726 2344
1727 2345
1728 2347
1729 2348
1730 2349
1731 2350
1732 2351
1733 2352
1734 2353
1735 2354
1736 2355
1737 2357
1738 2358
1739 2359
1740 2360
1741 2361
1742 2362
1743 2363
1744 2364
1745 2365
1746 2367
1747 2368
1748 2369
1749 2370
1750 2371
1751 2372
1752 2373
1753 2374
1754 2375
1755 2377
1756 2378
1757 2379
1758 2380
1759 2381
1760 2382
1761 2383
1762 2384
1763 2385
1764 2386
1765 2388
1766 2389
1768 2390
1769 2391
1770 2392
1771 2393
1772 2394
1773 2395
1774 2396
1775 2397
1776 2399
1777 2400
1778 2401
1779 2402
1780 2403
1781 2404
1782 2405
1783 2406
1784 2407
1785 2408
1786 2409
1787 2411
1788 2412
1789 2413
1790 2414
1791 2415
1792 2416
1793 2417
1794 2418
1795 2419
1796 2420
1797 2421
1798 2423
1799 2424
1800 2425
1801 2426
1802 2427
1803 2428
1804 2429
1805 2430
1806 2431
1807 2432
1808 2433
1809 2434
1811 2436
1812 2437
1813 2438
1814 2439
1815 2440
1816 2441
1817 2442
1818 2443
1819 2444
1820 2445
1821 2446
1822 2447
1823 2448
1824 2450
1825 2451
1826 2452
1827 2453
1828 2454
1829 2455
1830 2456
1831 2457
1832 2458
1833 2459
1834 2460
1835 2461
1836 2462
1837 2463
1838 2465
1839 2466
1840 2467
1841 2468
1842 2469
1843 2470
1844 2471
1845 2472
1846 2473
1847 2474
1848 2475
1849 2476
1850 2477
1851 2478
1852 2479
1854 2481
1855 2482
1856 2483
1857 2484
1858 2485
1859 2486
1860 2487
1861 2488
1862 2489
1863 2490
1864 2491
1865 2492
1866 2493
1867 2494
1868 2495
1869 2496
1870 2497
1871 2499
1872 2500
1873 2501
1874 2502
1875 2503
1876 2504
1877 2505
1878 2506
1879 2507
1880 2508
1881 2509
1882 2510
1883 2511
1884 2512
1885 2513
1886 2514
1887 2515
1888 2516
1889 2517
1890 2519
1891 2520
1892 2521
1893 2522
1894 2523
1895 2524
1897 2525
1898 2526
1899 2527
1900 2528
1901 2529
1902 2530
1903 2531
1904 2532
1905 2533
1906 2534
1907 2535
1908 2536
1909 2537
1910 2538
1911 2539
1912 2540
1913 2541
1914 2543
1915 2544
1916 2545
1917 2546
1918 2547
1919 2548
1920 2549
1921 2550
1922 2551
1923 2552
1924 2553
1925 2554
1926 2555
1927 2556
1928 2557
1929 2558
1930 2559
1931 2560
1932 2561
1933 2562
1934 2563
1935 2564
1936 2565
1937 2566
1938 2567
1940 2568
1941 2569
1942 2570
1943 2571
1944 2572
1945 2573
1946 2574
1947 2575
1948 2577
1949 2578
1950 2579
1951 2580
1952 2581
1953 2582
1954 2583
1955 2584
1956 2585
1957 2586
1958 2587
1959 2588
1960 2589
1961 2590
1962 2591
1963 2592
1964 2593
1965 2594
1966 2595
1967 2596
1968 2597
1969 2598
1970 2599
1971 2600
1972 2601
1973 2602
1974 2603
1975 2604
1976 2605
1977 2606
1978 2607
1979 2608
1980 2609
1981 2610
1983 2611
1984 2612
1985 2613
1986 2614
1987 2615
1988 2616
1989 2617
1990 2618
1991 2619
1992 2620
1993 2621
1994 2622
1995 2623
1996 2624
1997 2625
1998 2626
1999 2627
2000 2628
2001 2629
2002 2630
2003 2631
2004 2632
2005 2633
2006 2634
2007 2635
2008 2636
2009 2637
2010 2638
2011 2639
2012 2640
2013 2641
2014 2642
2015 2643
2016 2644
2017 2645
2018 2646
2019 2647
2020 2648
2021 2649
2022 2650
2023 2651
2024 2652
2026 2653
2027 2654
2028 2655
2029 2656
2030 2657
2031 2658
2032 2659
2033 2660
2034 2661
2035 2662
2036 2663
2037 2664
2038 2665
2039 2666
2040 2667
2041 2668
2042 2669
2043 2670
2044 2671
2045 2672
2046 2673
2047 2674
2048 2675
2049 2676
2050 2677
2051 2678
2052 2679
2053 2680
2054 2681
2055 2682
2056 2683
2057 2684
2058 2685
2059 2686
2060 2687
2061 2688
2062 2688
2063 2689
2064 2690
2065 2691
2066 2692
2067 2693
2068 2694
2070 2695
2071 2696
2072 2697
2073 2698
2074 2699
2075 2700
2076 2701
2077 2702
2078 2703
2079 2704
2080 2705
2081 2706
2082 2707
2083 2708
2084 2709
2085 2710
2086 2711
2087 2712
2088 2713
2089 2714
2090 2715
2091 2716
2092 2717
2093 2718
2094 2719
2095 2719
2096 2720
2097 2721
2098 2722
2099 2723
2100 2724
2101 2725
2102 2726
2103 2727
2104 2728
2105 2729
2106 2730
2107 2731
2108 2732
2109 2733
2110 2734
2111 2735
2113 2736
2114 2737
2115 2738
2116 2739
2117 2740
2118 2741
2119 2741
2120 2742
2121 2743
2122 2744
2123 2745
2124 2746
2125 2747
2126 2748
2127 2749
2128 2750
2129 2751
2130 2752
2131 2753
2132 2754
2133 2755
2134 2756
2135 2757
2136 2758
2137 2759
2138 2760
2139 2760
2140 2761
2141 2762
2142 2763
2143 2764
2144 2765
2145 2766
2146 2767
2147 2768
2148 2769
2149 2770
2150 2771
2151 2772
2152 2773
2153 2774
2154 2775
2156 2775
2157 2776
2158 2777
2159 2778
2160 2779
2161 2780
2162 2781
2163 2782
2164 2783
2165 2784
2166 2785
2167 2786
2168 2787
2169 2788
2170 2789
2171 2790
2172 2790
2173 2791
2174 2792
2175 2793
2176 2794
2177 2795
2178 2796
2179 2797
2180 2798
2181 2799
2182 2800
2183 2801
2184 2802
2185 2802
2186 2803
2187 2804
2188 2805
2189 2806
2190 2807
2191 2808
2192 2809
2193 2810
2194 2811
2195 2812
2196 2813
2197 2814
2199 2814
2200 2815
2201 2816
2202 2817
2203 2818
2204 2819
2205 2820
2206 2821
2207 2822
2208 2823
2209 2824
2210 2825
2211 2825
2212 2826
2213 2827
2214 2828
2215 2829
2216 2830
2217 2831
2218 2832
2219 2833
2220 2834
2221 2835
2222 2836
2223 2836
2224 2837
2225 2838
2226 2839
2227 2840
2228 2841
2229 2842
2230 2843
2231 2844
2232 2845
2233 2845
2234 2846
2235 2847
2236 2848
2237 2849
2238 2850
2239 2851
2240 2852
2242 2853
2243 2854
2244 2855
2245 2855
2246 2856
2247 2857
2248 2858
2249 2859
2250 2860
2251 2861
2252 2862
2253 2863
2254 2863
2255 2864
2256 2865
2257 2866
2258 2867
2259 2868
2260 2869
2261 2870
2262 2871
2263 2872
2264 2872
2265 2873
2266 2874
2267 2875
2268 2876
2269 2877
2270 2878
2271 2879
2272 2880
2273 2880
2274 2881
2275 2882
2276 2883
2277 2884
2278 2885
2279 2886
2280 2887
2281 2888
2282 2888
2283 2889
2285 2890
2286 2891
2287 2892
2288 2893
2289 2894
2290 2895
2291 2895
2292 2896
2293 2897
2294 2898
2295 2899
2296 2900
2297 2901
2298 2902
2299 2903
2300 2903
2301 2904
2302 2905
2303 2906
2304 2907
2305 2908
2306 2909
2307 2910
2308 2910
2309 2911
2310 2912
2311 2913
2312 2914
2313 2915
2314 2916
2315 2917
2316 2917
2317 2918
2318 2919
2319 2920
2320 2921
2321 2922
2322 2923
2323 2923
2324 2924
2325 2925
2326 2926
2328 2927
2329 2928
2330 2929
2331 2930
2332 2930
2333 2931
2334 2932
2335 2933
2336 2934
2337 2935
2338 2936
2339 2936
2340 2937
2341 2938
2342 2939
2343 2940
2344 2941
2345 2942
2346 2942
2347 2943
2348 2944
2349 2945
2350 2946
2351 2947
2352 2948
2353 2948
2354 2949
2355 2950
2356 2951
2357 2952
2358 2953
2359 2954
2360 2954
2361 2955
2362 2956
2363 2957
2364 2958
2365 2959
2366 2960
2367 2960
2368 2961
2369 2962
2371 2963
2372 2964
2373 2965
2374 2966
2375 2966
2376 2967
2377 2968
2378 2969
2379 2970
2380 2971
2381 2971
2382 2972
2383 2973
2384 2974
2385 2975
2386 2976
2387 2977
2388 2977
2389 2978
2390 2979
2391 2980
2392 2981
2393 2982
2394 2982
2395 2983
2396 2984
2397 2985
2398 2986
2399 2987
2400 2987
2401 2988
2402 2989
2403 2990
2404 2991
2405 2992
2406 2992
2407 2993
2408 2994
2409 2995
2410 2996
2411 2997
2412 2997
2414 2998
2415 2999
2416 3000
2417 3001
2418 3002
2419 3002
2420 3003
2421 3004
2422 3005
2423 3006
2424 3007
2425 3007
2426 3008
2427 3009
2428 3010
2429 3011
2430 3012
2431 3012
2432 3013
2433 3014
2434 3015
2435 3016
2436 3017
2437 3017
2438 3018
2439 3019
2440 3020
2441 3021
2442 3021
2443 3022
2444 3023
2445 3024
2446 3025
2447 3026
2448 3026
2449 3027
2450 3028
2451 3029
2452 3030
2453 3030
2454 3031
2455 3032
2457 3033
2458 3034
2459 3035
2460 3035
2461 3036
2462 3037
2463 3038
2464 3039
2465 3039
2466 3040
2467 3041
2468 3042
2469 3043
2470 3044
2471 3044
2472 3045
2473 3046
2474 3047
2475 3048
2476 3048
2477 3049
2478 3050
2479 3051
2480 3052
2481 3052
2482 3053
2483 3054
2484 3055
2485 3056
2486 3056
2487 3057
2488 3058
2489 3059
2490 3060
2491 3060
2492 3061
2493 3062
2494 3063
2495 3064
2496 3064
2497 3065
2498 3066
2499 3067
2501 3068
2502 3068
2503 3069
2504 3070
2505 3071
2506 3072
2507 3072
2508 3073
2509 3074
2510 3075
2511 3076
2512 3076
2513 3077
2514 3078
2515 3079
2516 3080
2517 3080
2518 3081
2519 3082
2520 3083
2521 3084
2522 3084
2523 3085
2524 3086
2525 3087
2526 3087
2527 3088
2528 3089
2529 3090
2530 3091
2531 3091
2532 3092
2533 3093
2534 3094
2535 3095
2536 3095
2537 3096
2538 3097
2539 3098
2540 3099
2541 3099
2542 3100
2544 3101
2545 3102
2546 3102
2547 3103
2548 3104
2549 3105
2550 3106
2551 3106
2552 3107
2553 3108
2554 3109
2555 3109
2556 3110
2557 3111
2558 3112
2559 3113
2560 3113
2561 3114
2562 3115
2563 3116
2564 3116
2565 3117
2566 3118
2567 3119
2568 3120
2569 3120
2570 3121
2571 3122
2572 3123
2573 3123
2574 3124
2575 3125
2576 3126
2577 3126
2578 3127
2579 3128
2580 3129
2581 3130
2582 3130
2583 3131
2584 3132
2585 3133
2587 3133
2588 3134
2589 3135
2590 3136
2591 3136
2592 3137
2593 3138
2594 3139
2595 3140
2596 3140
2597 3141
2598 3142
2599 3143
2600 3143
2601 3144
2602 3145
2603 3146
2604 3146
2605 3147
2606 3148
2607 3149
2608 3149
2609 3150
2610 3151
2611 3152
2612 3152
2613 3153
2614 3154
2615 3155
2616 3155
2617 3156
2618 3157
2619 3158
2620 3158
2621 3159
2622 3160
2623 3161
2624 3161
2625 3162
2626 3163
2627 3164
2628 3165
2630 3165
2631 3166
2632 3167
2633 3168
2634 3168
2635 3169
2636 3170
2637 3171
2638 3171
2639 3172
2640 3173
2641 3173
2642 3174
2643 3175
2644 3176
2645 3176
2646 3177
2647 3178
2648 3179
2649 3179
2650 3180
2651 3181
2652 3182
2653 3182
2654 3183
2655 3184
2656 3185
2657 3185
2658 3186
2659 3187
2660 3188
2661 3188
2662 3189
2663 3190
2664 3191
2665 3191
2666 3192
2667 3193
2668 3194
2669 3194
2670 3195
2671 3196
2673 3196
2674 3197
2675 3198
2676 3199
2677 3199
2678 3200
2679 3201
2680 3202
2681 3202
2682 3203
2683 3204
2684 3205
2685 3205
2686 3206
2687 3207
2688 3207
2689 3208
2690 3209
2691 3210
2692 3210
2693 3211
2694 3212
2695 3213
2696 3213
2697 3214
2698 3215
2699 3215
2700 3216
2701 3217
2702 3218
2703 3218
2704 3219
2705 3220
2706 3221
2707 3221
2708 3222
2709 3223
2710 3223
2711 3224
2712 3225
2713 3226
2714 3226
2716 3227
2717 3228
2718 3228
2719 3229
2720 3230
2721 3231
2722 3231
2723 3232
2724 3233
2725 3234
2726 3234
2727 3235
2728 3236
2729 3236
2730 3237
2731 3238
2732 3239
2733 3239
2734 3240
2735 3241
2736 3241
2737 3242
2738 3243
2739 3244
2740 3244
2741 3245
2742 3246
2743 3246
2744 3247
2745 3248
2746 3249
2747 3249
2748 3250
2749 3251
2750 3251
2751 3252
2752 3253
2753 3253
2754 3254
2755 3255
2756 3256
2757 3256
2759 3257
2760 3258
2761 3258
2762 3259
2763 3260
2764 3261
2765 3261
2766 3262
2767 3263
2768 3263
2769 3264
2770 3265
2771 3265
2772 3266
2773 3267
2774 3268
2775 3268
2776 3269
2777 3270
2778 3270
2779 3271
2780 3272
2781 3272
2782 3273
2783 3274
2784 3275
2785 3275
2786 3276
2787 3277
2788 3277
2789 3278
2790 3279
2791 3279
2792 3280
2793 3281
2794 3282
2795 3282
2796 3283
2797 3284
2798 3284
2799 3285
2800 3286
2802 3286
2803 3287
2804 3288
2805 3288
2806 3289
2807 3290
2808 3290
2809 3291
2810 3292
2811 3293
2812 3293
2813 3294
2814 3295
2815 3295
2816 3296
2817 3297
2818 3297
2819 3298
2820 3299
2821 3299
2822 3300
2823 3301
2824 3301
2825 3302
2826 3303
2827 3304
2828 3304
2829 3305
2830 3306
2831 3306
2832 3307
2833 3308
2834 3308
2835 3309
2836 3310
2837 3310
2838 3311
2839 3312
2840 3312
2841 3313
2842 3314
2843 3314
2845 3315
2846 3316
2847 3316
2848 3317
2849 3318
2850 3318
2851 3319
2852 3320
2853 3321
2854 3321
2855 3322
2856 3323
2857 3323
2858 3324
2859 3325
2860 3325
2861 3326
2862 3327
2863 3327
2864 3328
2865 3329
2866 3329
2867 3330
2868 3331
2869 3331
2870 3332
2871 3333
2872 3333
2873 3334
2874 3335
2875 3335
2876 3336
2877 3337
2878 3337
2879 3338
2880 3339
2881 3339
2882 3340
2883 3341
2884 3341
2885 3342
2886 3343
2887 3343
2889 3344
2890 3345
2891 3345
2892 3346
2893 3347
2894 3347
2895 3348
2896 3349
2897 3349
2898 3350
2899 3351
2900 3351
2901 3352
2902 3353
2903 3353
2904 3354
2905 3355
2906 3355
2907 3356
2908 3357
2909 3357
2910 3358
2911 3358
2912 3359
2913 3360
2914 3360
2915 3361
2916 3362
2917 3362
2918 3363
2919 3364
2920 3364
2921 3365
2922 3366
2923 3366
2924 3367
2925 3368
2926 3368
2927 3369
2928 3370
2929 3370
2930 3371
2932 3372
2933 3372
2934 3373
2935 3374
2936 3374
2937 3375
2938 3375
2939 3376
2940 3377
2941 3377
2942 3378
2943 3379
2944 3379
2945 3380
2946 3381
2947 3381
2948 3382
2949 3383
2950 3383
2951 3384
2952 3385
2953 3385
2954 3386
2955 3386
2956 3387
2957 3388
2958 3388
2959 3389
2960 3390
2961 3390
2962 3391
2963 3392
2964 3392
2965 3393
2966 3394
2967 3394
2968 3395
2969 3395
2970 3396
2971 3397
2972 3397
2973 3398
2975 3399
2976 3399
2977 3400
2978 3401
2979 3401
2980 3402
2981 3402
2982 3403
2983 3404
2984 3404
2985 3405
2986 3406
2987 3406
2988 3407
2989 3408
2990 3408
2991 3409
2992 3409
2993 3410
2994 3411
2995 3411
2996 3412
2997 3413
2998 3413
2999 3414
3000 3414
3001 3415
3002 3416
3003 3416
3004 3417
3005 3418
3006 3418
3007 3419
3008 3420
3009 3420
3010 3421
3011 3421
3012 3422
3013 3423
3014 3423
3015 3424
3016 3425
3018 3425
3019 3426
3020 3426
3021 3427
3022 3428
3023 3428
3024 3429
3025 3430
3026 3430
3027 3431
3028 3431
3029 3432
3030 3433
3031 3433
3032 3434
3033 3435
3034 3435
3035 3436
3036 3436
3037 3437
3038 3438
3039 3438
3040 3439
3041 3439
3042 3440
3043 3441
3044 3441
3045 3442
3046 3443
3047 3443
3048 3444
3049 3444
3050 3445
3051 3446
3052 3446
3053 3447
3054 3448
3055 3448
3056 3449
3057 3449
3058 3450
3059 3451
3061 3451
3062 3452
3063 3452
3064 3453
3065 3454
3066 3454
3067 3455
3068 3455
3069 3456
3070 3457
3071 3457
3072 3458
3073 3459
3074 3459
3075 3460
3076 3460
3077 3461
3078 3462
3079 3462
3080 3463
3081 3463
3082 3464
3083 3465
3084 3465
3085 3466
3086 3466
3087 3467
3088 3468
3089 3468
3090 3469
3091 3469
3092 3470
3093 3471
3094 3471
3095 3472
3096 3473
3097 3473
3098 3474
3099 3474
3100 3475
3101 3476
3102 3476
3104 3477
3105 3477
3106 3478
3107 3479
3108 3479
3109 3480
3110 3480
3111 3481
3112 3482
3113 3482
3114 3483
3115 3483
3116 3484
3117 3485
3118 3485
3119 3486
3120 3486
3121 3487
3122 3488
3123 3488
3124 3489
3125 3489
3126 3490
3127 3491
3128 3491
3129 3492
3130 3492
3131 3493
3132 3494
3133 3494
3134 3495
3135 3495
3136 3496
3137 3497
3138 3497
3139 3498
3140 3498
3141 3499
3142 3499
3143 3500
3144 3501
3145 3501
3147 3502
3148 3502
3149 3503
3150 3504
3151 3504
3152 3505
3153 3505
3154 3506
3155 3507
3156 3507
3157 3508
3158 3508
3159 3509
3160 3510
3161 3510
3162 3511
3163 3511
3164 3512
3165 3512
3166 3513
3167 3514
3168 3514
3169 3515
3170 3515
3171 3516
3172 3517
3173 3517
3174 3518
3175 3518
3176 3519
3177 3519
3178 3520
3179 3521
3180 3521
3181 3522
3182 3522
3183 3523
3184 3524
3185 3524
3186 3525
3187 3525
3188 3526
3190 3526
3191 3527
3192 3528
3193 3528
3194 3529
3195 3529
3196 3530
3197 3531
3198 3531
3199 3532
3200 3532
3201 3533
3202 3533
3203 3534
3204 3535
3205 3535
3206 3536
3207 3536
3208 3537
3209 3538
3210 3538
3211 3539
3212 3539
3213 3540
3214 3540
3215 3541
3216 3542
3217 3542
3218 3543
3219 3543
3220 3544
3221 3544
3222 3545
3223 3546
3224 3546
3225 3547
3226 3547
3227 3548
3228 3548
3229 3549
3230 3550
3231 3550
3233 3551
3234 3551
3235 3552
3236 3552
3237 3553
3238 3554
3239 3554
3240 3555
3241 3555
3242 3556
3243 3556
3244 3557
3245 3558
3246 3558
3247 3559
3248 3559
3249 3560
3250 3560
3251 3561
3252 3562
3253 3562
3254 3563
3255 3563
3256 3564
3257 3564
3258 3565
3259 3566
3260 3566
3261 3567
3262 3567
3263 3568
3264 3568
3265 3569
3266 3569
3267 3570
3268 3571
3269 3571
3270 3572
3271 3572
3272 3573
3273 3573
3274 3574
3276 3575
3277 3575
3278 3576
3279 3576
3280 3577
3281 3577
3282 3578
3283 3578
3284 3579
3285 3580
3286 3580
3287 3581
3288 3581
3289 3582
3290 3582
3291 3583
3292 3584
3293 3584
3294 3585
3295 3585
3296 3586
3297 3586
3298 3587
3299 3587
3300 3588
3301 3589
3302 3589
3303 3590
3304 3590
3305 3591
3306 3591
3307 3592
3308 3592
3309 3593
3310 3594
3311 3594
3312 3595
3313 3595
3314 3596
3315 3596
3316 3597
3317 3597
3318 3598
3320 3599
3321 3599
3322 3600
3323 3600
3324 3601
3325 3601
3326 3602
3327 3602
3328 3603
3329 3604
3330 3604
3331 3605
3332 3605
3333 3606
3334 3606
3335 3607
3336 3607
3337 3608
3338 3608
3339 3609
3340 3610
3341 3610
3342 3611
3343 3611
3344 3612
3345 3612
3346 3613
3347 3613
3348 3614
3349 3615
3350 3615
3351 3616
3352 3616
3353 3617
3354 3617
3355 3618
3356 3618
3357 3619
3358 3619
3359 3620
3360 3621
3361 3621
3363 3622
3364 3622
3365 3623
3366 3623
3367 3624
3368 3624
3369 3625
3370 3625
3371 3626
3372 3627
3373 3627
3374 3628
3375 3628
3376 3629
3377 3629
3378 3630
3379 3630
3380 3631
3381 3631
3382 3632
3383 3633
3384 3633
3385 3634
3386 3634
3387 3635
3388 3635
3389 3636
3390 3636
3391 3637
3392 3637
3393 3638
3394 3638
3395 3639
3396 3640
3397 3640
3398 3641
3399 3641
3400 3642
3401 3642
3402 3643
3403 3643
3404 3644
3406 3644
3407 3645
3408 3645
3409 3646
3410 3647
3411 3647
3412 3648
3413 3648
3414 3649
3415 3649
3416 3650
3417 3650
3418 3651
3419 3651
3420 3652
3421 3652
3422 3653
3423 3654
3424 3654
3425 3655
3426 3655
3427 3656
3428 3656
3429 3657
3430 3657
3431 3658
3432 3658
3433 3659
3434 3659
3435 3660
3436 3660
3437 3661
3438 3662
3439 3662
3440 3663
3441 3663
3442 3664
3443 3664
3444 3665
3445 3665
3446 3666
3447 3666
3449 3667
3450 3667
3451 3668
3452 3668
3453 3669
3454 3670
3455 3670
3456 3671
3457 3671
3458 3672
3459 3672
3460 3673
3461 3673
3462 3674
3463 3674
3464 3675
3465 3675
3466 3676
3467 3676
3468 3677
3469 3677
3470 3678
3471 3679
3472 3679
3473 3680
3474 3680
3475 3681
3476 3681
3477 3682
3478 3682
3479 3683
3480 3683
3481 3684
3482 3684
3483 3685
3484 3685
3485 3686
3486 3686
3487 3687
3488 3687
3489 3688
3490 3689
3492 3689
3493 3690
3494 3690
3495 3691
3496 3691
3497 3692
3498 3692
3499 3693
3500 3693
3501 3694
3502 3694
3503 3695
3504 3695
3505 3696
3506 3696
3507 3697
3508 3697
3509 3698
3510 3698
3511 3699
3512 3700
3513 3700
3514 3701
3515 3701
3516 3702
3517 3702
3518 3703
3519 3703
3520 3704
3521 3704
3522 3705
3523 3705
3524 3706
3525 3706
3526 3707
3527 3707
3528 3708
3529 3708
3530 3709
3531 3709
3532 3710
3533 3710
3535 3711
3536 3711
3537 3712
3538 3713
3539 3713
3540 3714
3541 3714
3542 3715
3543 3715
3544 3716
3545 3716
3546 3717
3547 3717
3548 3718
3549 3718
3550 3719
3551 3719
3552 3720
3553 3720
3554 3721
3555 3721
3556 3722
3557 3722
3558 3723
3559 3723
3560 3724
3561 3724
3562 3725
3563 3725
3564 3726
3565 3726
3566 3727
3567 3727
3568 3728
3569 3729
3570 3729
3571 3730
3572 3730
3573 3731
3574 3731
3575 3732
3576 3732
3578 3733
3579 3733
3580 3734
3581 3734
3582 3735
3583 3735
3584 3736
3585 3736
3586 3737
3587 3737
3588 3738
3589 3738
3590 3739
3591 3739
3592 3740
3593 3740
3594 3741
3595 3741
3596 3742
3597 3742
3598 3743
3599 3743
3600 3744
3601 3744
3602 3745
3603 3745
3604 3746
3605 3746
3606 3747
3607 3747
3608 3748
3609 3749
3610 3749
3611 3750
3612 3750
3613 3751
3614 3751
3615 3752
3616 3752
3617 3753
3618 3753
3619 3754
3621 3754
3622 3755
3623 3755
3624 3756
3625 3756
3626 3757
3627 3757
3628 3758
3629 3758
3630 3759
3631 3759
3632 3760
3633 3760
3634 3761
3635 3761
3636 3762
3637 3762
3638 3763
3639 3763
3640 3764
3641 3764
3642 3765
3643 3765
3644 3766
3645 3766
3646 3767
3647 3767
3648 3768
3649 3768
3650 3769
3651 3769
3652 3770
3653 3770
3654 3771
3655 3771
3656 3772
3657 3772
3658 3773
3659 3773
3660 3774
3661 3774
3662 3775
3664 3775
3665 3776
3666 3776
3667 3777
3668 3777
3669 3778
3670 3778
3671 3779
3672 3779
3673 3780
3674 3780
3675 3781
3676 3781
3677 3782
3678 3782
3679 3783
3680 3783
3681 3784
3682 3784
3683 3785
3684 3785
3685 3786
3686 3786
3687 3787
3688 3787
3689 3788
3690 3789
3691 3789
3692 3790
3693 3790
3694 3791
3695 3791
3696 3792
3697 3792
3698 3793
3699 3793
3700 3794
3701 3794
3702 3795
3703 3795
3704 3796
3705 3796
3706 3797
3708 3797
3709 3798
3710 3798
3711 3799
3712 3799
3713 3800
3714 3800
3715 3801
3716 3801
3717 3802
3718 3802
3719 3803
3720 3803
3721 3804
3722 3804
3723 3805
3724 3805
3725 3806
3726 3806
3727 3807
3728 3807
3729 3808
3730 3808
3731 3809
3732 3809
3733 3810
3734 3810
3735 3811
3736 3811
3737 3812
3738 3812
3739 3813
3740 3813
3741 3814
3742 3814
3743 3815
3744 3815
3745 3816
3746 3816
3747 3817
3748 3817
3749 3818
3751 3818
3752 3819
3753 3819
3754 3820
3755 3820
3756 3821
3757 3821
3758 3822
3759 3822
3760 3823
3761 3823
3762 3824
3763 3824
3764 3825
3765 3825
3766 3826
3767 3826
3768 3827
3769 3827
3770 3827
3771 3828
3772 3828
3773 3829
3774 3829
3775 3830
3776 3830
3777 3831
3778 3831
3779 3832
3780 3832
3781 3833
3782 3833
3783 3834
3784 3834
3785 3835
3786 3835
3787 3836
3788 3836
3789 3837
3790 3837
3791 3838
3792 3838
3794 3839
3795 3839
3796 3840
3797 3840
3798 3841
3799 3841
3800 3842
3801 3842
3802 3843
3803 3843
3804 3844
3805 3844
3806 3845
3807 3845
3808 3846
3809 3846
3810 3847
3811 3847
3812 3848
3813 3848
3814 3849
3815 3849
3816 3850
3817 3850
3818 3851
3819 3851
3820 3852
3821 3852
3822 3853
3823 3853
3824 3854
3825 3854
3826 3855
3827 3855
3828 3856
3829 3856
3830 3857
3831 3857
3832 3858
3833 3858
3834 3859
3835 3859
3837 3860
3838 3860
3839 3861
3840 3861
3841 3862
3842 3862
3843 3863
3844 3863
3845 3864
3846 3864
3847 3865
3848 3865
3849 3866
3850 3866
3851 3867
3852 3867
3853 3868
3854 3868
3855 3869
3856 3869
3857 3870
3858 3870
3859 3871
3860 3871
3861 3872
3862 3872
3863 3873
3864 3873
3865 3874
3866 3874
3867 3875
3868 3875
3869 3876
3870 3876
3871 3877
3872 3877
3873 3878
3874 3878
3875 3879
3876 3879
3877 3880
3878 3880
3880 3880
3881 3881
3882 3881
3883 3882
3884 3882
3885 3883
3886 3883
3887 3884
3888 3884
3889 3885
3890 3885
3891 3886
3892 3886
3893 3887
3894 3887
3895 3888
3896 3888
3897 3889
3898 3889
3899 3890
3900 3890
3901 3891
3902 3891
3903 3892
3904 3892
3905 3893
3906 3893
3907 3894
3908 3894
3909 3895
3910 3895
3911 3896
3912 3896
3913 3897
3914 3897
3915 3898
3916 3898
3917 3899
3918 3899
3919 3900
3920 3900
3921 3901
3923 3901
3924 3902
3925 3902
3926 3903
3927 3903
3928 3904
3929 3904
3930 3905
3931 3905
3932 3906
3933 3906
3934 3907
3935 3907
3936 3908
3937 3908
3938 3909
3939 3909
3940 3910
3941 3910
3942 3911
3943 3911
3944 3912
3945 3912
3946 3913
3947 3913
3948 3914
3949 3914
3950 3915
3951 3915
3952 3916
3953 3916
3954 3917
3955 3917
3956 3918
3957 3918
3958 3918
3959 3919
3960 3919
3961 3920
3962 3920
3963 3921
3964 3921
3966 3922
3967 3922
3968 3923
3969 3923
3970 3924
3971 3924
3972 3925
3973 3925
3974 3926
3975 3926
3976 3927
3977 3927
3978 3928
3979 3928
3980 3929
3981 3929
3982 3930
3983 3930
3984 3931
3985 3931
3986 3932
3987 3932
3988 3933
3989 3933
3990 3934
3991 3934
3992 3935
3993 3935
3994 3936
3995 3936
3996 3937
3997 3937
3998 3938
3999 3938
4000 3939
4001 3939
4002 3940
4003 3940
4004 3941
4005 3941
4006 3942
4007 3942
4009 3943
4010 3943
4011 3944
4012 3944
