==6374== Memcheck, a memory error detector
==6374== Copyright (C) 2002-2017, and GNU GPL'd, by Julian Seward et al.
==6374== Using Valgrind-3.15.0 and LibVEX; rerun with -h for copyright info
==6374== Command: ./hw12 -i rand.txt
==6374== 
Solution x:
  2.0102
  4.4022
  8.8571
 -3.9543
  1.7383
  3.8313
 -2.2633
 -6.3819
  0.0214
 -1.2097
 -7.1935
 -1.2065
 -3.6742
 -2.6726
 -0.2239
  2.7520
  1.3326
 -1.6164
 -6.4807
 -3.7751
 -3.4846
 -0.3662
  0.1121
 -2.0160
 -4.6594
 -1.0295
 -4.3113
  4.9629
  1.2720
 -1.8539
  3.9543
  1.4422
 -2.3458
  5.3219
  2.4738
 -3.2259
  0.6881
 -1.7409
  3.6707
  5.0149
  3.4326
  0.0874
 -3.8671
 -0.0302
 -3.2062
 -0.1243
  1.0962
  2.4786
 -0.1880
 -1.3536
  2.7306
  1.6564
 -1.0930
  1.1197
 -1.1129
 -0.5700
  1.4483
  0.8515
  6.6795
  1.5333
 -2.4526
 -0.6401
  6.8341
  2.2804
  2.5410
  0.3540
  2.0660
 -0.7366
  0.7066
  2.3296
 -2.1841
  3.2214
  1.1243
 -6.3076
 -0.5076
 -2.0458
 -0.5883
  3.0120
  5.4568
 -3.5602
 -3.4214
  0.1063
  2.8998
 -2.8563
 -0.4563
 -4.5899
 -2.1337
 -1.8972
 -0.3350
 -5.3748
  5.7189
 -2.0399
 -3.4549
 -0.3515
 -5.1996
 -1.2975
 -1.5440
  2.9998
 -0.4178
  0.0465
  1.3179
 -1.1764
 -1.6630
  1.8001
 -1.7396
  1.3225
  1.9773
 -1.9348
 -3.4118
 -1.8705
 -0.4391
  1.2246
  2.0648
  2.5505
  1.1264
 -4.8135
  8.3361
 -4.2110
  5.5486
  2.7598
  2.3701
 -3.8106
 -1.5827
  1.5960
  0.5542
  4.9752
  3.7233
 -5.3555
 -2.8681
  2.1201
 -1.3004
  3.8520
  1.5952
  5.8024
  0.2887
 -3.7371
 -1.8593
  2.1514
 -1.1613
  2.0917
 -0.8301
  6.8856
 -0.8598
  3.2192
 -2.0573
 -3.0880
 -4.4335
 -0.4667
 -2.9390
  9.4838
  5.0915
  2.0657
  3.7600
 -4.8991
 -1.3790
  2.6391
 -4.6382
 -1.0155
 -2.3641
 -1.7114
  1.4900
  4.3780
 -6.4007
  5.1924
 -0.6406
  1.9981
  1.4376
 -5.0615
 -0.7105
 -0.7768
 -5.9250
  3.0060
 -0.4452
 -1.6831
  1.3798
 -3.3669
 -2.8376
  5.0128
  2.5319
 -1.7310
  4.3931
  4.3618
  5.2219
  2.5697
 -2.1378
 -3.2970
 -0.6629
  7.7597
  7.1274
 -0.3647
  4.3873
 -2.7756
  0.4796
  0.4411
  0.2406
 -5.5369
  2.4977
 -6.4002
  2.7731
  0.6191
 -2.0518
  0.5980
  1.2403
  0.1419
 -1.8297
  3.1649
  3.9699
  0.2439
  1.9654
 -0.3145
  5.9514
  0.0584
 -0.6076
 -5.1790
 -2.1552
 -1.5849
  0.0414
  4.8443
  0.8701
 -3.5073
  2.3425
  8.7706
  4.3407
 -0.2493
 -6.1829
 -4.4599
 -1.5262
  0.7906
 -0.7756
 -1.4307
 -2.8298
  2.2471
  1.1243
  0.8560
 -0.7808
  1.4817
 -4.5979
 -1.4896
 -4.9132
  2.9837
  2.6671
  0.9118
  0.7684
  0.7081
  3.2399
 -2.3777
 -8.4437
  4.2984
  2.0174
 -1.4803
 -0.6007
  3.4683
 -5.4127
  3.3011
 -0.4025
 -2.7483
 -1.8962
  1.0970
 -3.9937
 -4.8610
 -0.6764
  0.8866
 -5.7313
  3.0776
  3.2393
  2.1854
  2.5644
 -1.2061
 -1.6633
  1.8015
 -2.9710
  3.0334
  4.3166
 -0.5212
  4.7589
  3.4768
 -6.6006
 -0.6599
  2.4404
 -2.2927
  3.9098
  0.3098
  2.1739
  1.6290
  6.0268
  1.8115
 -2.3101
  0.9914
 -4.3350
  2.8638
 -0.0147
  4.6664
  0.8164
 -3.8514
  2.2613
  3.2581
  1.5202
  0.2070
 -3.8317
 -2.2243
  0.1277
 -2.3244
  2.8170
 -3.8151
 -2.9061
  0.0497
 -6.1458
  3.9451
 -4.9985
  3.9037
  0.5577
  0.0993
 -3.8057
 -1.6089
 -0.4764
  4.2870
 -2.0926
  0.9434
 -3.0666
 -2.7737
  1.2809
  0.6802
  1.3032
 -0.9754
  0.1632
  1.0115
  1.3943
 -2.1307
  3.7159
  1.7419
  6.9460
 -2.6298
 -0.0210
 -2.6831
  1.5611
  2.4331
 -0.9677
  0.6116
  1.2362
 -0.7463
 -0.3067
  3.6998
 -4.1715
  6.2499
 -3.7387
  1.4554
 -1.4068
 -9.0681
 -4.3725
  2.6238
  8.0035
  4.5639
 -3.5594
  0.7097
 -1.1737
 -4.1286
 -0.0539
  1.7311
 -1.8667
 -3.8933
 -1.5921
 -4.1897
  1.4420
  1.4308
 -0.8328
 -0.2214
  2.1265
  2.7187
 -4.0376
  4.9386
 -5.1872
 -0.3152
  2.9145
  1.0373
  4.8590
 -1.1136
  1.2374
  1.3360
 -1.2096
  3.6288
 -1.7818
 -3.5087
  1.0569
  4.0715
 -5.6617
  3.3356
  1.7931
  2.0176
 -0.2330
  0.5884
  1.4365
 -2.1996
  2.9456
  0.5098
 -2.2235
 -4.0066
  0.8296
  6.4160
 -2.9340
  0.2627
 -1.5821
  0.2106
  2.4492
  1.9080
 -2.4745
  2.1592
  0.6416
 -2.4724
  0.5285
 -0.9352
 -2.2356
  2.4928
 -1.8398
  0.2983
  0.6873
  0.3532
 -3.9479
 -0.2924
  3.8259
  0.2243
  2.6940
 -1.2372
  2.9662
 -0.1303
 -4.1275
  4.5335
  1.0866
  0.9834
 -2.0834
 -5.0725
  1.5364
 -0.6823
  2.1901
 -0.1318
  1.2645
 -2.1701
 -0.2353
  6.2568
 -2.6210
 -3.8948
  2.3014
 -1.7222
 -0.5996
  1.7639
 -2.1015
  1.2422
  4.1845
 -0.2647
  4.2200
  2.5728
 -1.5453
  5.5676
 -1.0226
  3.7930
 -3.9049
 -0.6198
 -3.5290
 -0.4298
  5.1433
  0.3393
 -4.3922
 -1.6406
  0.2835
  6.2944
  4.3702
  3.6118
 -3.8476
  0.3854
 -1.0282
 -3.4269
  2.3249
  1.4371
 -3.5531
  1.2095
  1.2428
 -0.7659
  0.7732
  0.5708
  6.7533
  3.7543
  0.8033
 -1.8806
 -1.2925
  2.2670
 -0.5470
  1.7626
 -2.6667
  6.8673
  6.1063
 -5.1022
  4.9386
 -6.8566
 -1.9490
  0.8827
 -1.1596
 -4.4835
  0.0865
 -2.5461
 -1.7779
 -1.3348
  3.5168
 -0.1318
 -5.5677
 -2.4412
 -1.6103
  5.3474
  0.8899
  1.2735
  1.5107
  1.9919
  4.0418
  1.1830
  0.8094
 -5.3502
  5.5999
 -5.6085
 -5.5493
 -4.2354
 -2.0076
  0.5031
  2.2533
  1.3953
  0.7649
 -2.6805
 -1.2417
 -1.3653
 -1.8425
 -1.2524
 -0.1734
  0.0445
 -4.2726
 -2.1925
  2.8196
 -3.0540
 -2.3790
  3.5951
 -2.4083
  1.0983
  6.6916
 -0.9679
  3.1097
 -5.0193
  0.9986
 -2.6533
  3.2505
  1.7650
  2.3769
  1.4807
 -1.3836
 -2.1903
  0.6275
  0.1407
 -2.0974
 -0.3072
 -1.1312
 -0.0340
  4.3868
 -0.4797
  4.7337
 -6.6721
  2.9188
 -2.4148
 -0.1619
  4.4131
  0.8198
  1.3654
 -1.6401
 -1.3451
 -2.9347
  6.0595
 -0.3076
 -3.7912
  3.1790
  5.1647
  2.8718
 -1.3564
  2.3026
  0.9632
 -3.3847
  1.2935
 -4.4934
 -3.3723
  2.1670
  0.4615
 -0.0465
 -0.0144
 -0.8736
 -1.9608
  8.2024
 -2.1220
 -3.6032
  0.7660
  2.1868
 -5.6038
 -0.2776
  0.7856
 -0.4151
 -3.7004
 -2.8046
 -0.4900
  1.2615
  1.2453
  3.5243
  0.4410
 -7.0554
  2.2885
  5.8150
  2.4871
  2.4222
 -0.8424
 -3.8278
 -1.4881
  4.5985
  1.9602
 -0.7732
 -4.8744
 -0.6023
 -6.5488
 -0.3928
  5.0482
 -5.5679
  2.0310
 -0.5512
 -1.9035
 -0.7509
  0.1359
 -5.7219
 -0.5384
 -0.8926
 -0.7384
  0.4992
  0.1268
 -2.8182
  2.8211
  5.1536
  1.9250
  0.4974
  1.8826
  4.0836
 -0.3312
 -1.9581
  2.1745
  3.5398
 -4.4274
  3.2481
 -1.4996
  4.2077
  1.6561
 -3.2889
 -3.5950
 -5.6104
  0.8419
 -0.0223
  1.1836
 -0.0729
  1.4492
 -0.4729
  0.7311
 -1.9835
  4.2174
  2.9640
 -0.2385
  4.6109
 -0.0698
 -4.3757
  1.7675
 -0.4396
  3.5813
 -0.7819
  1.9895
 -1.4776
  1.4042
 -9.0181
  5.4090
  3.6810
 -1.3612
 -2.0355
  1.2580
 -0.8508
 -5.4485
 -0.8527
  0.4834
 -0.1709
  4.0017
 -2.5501
  0.6860
  2.8885
 -3.5395
  5.5465
 -3.7001
  0.0391
  4.8032
  4.5746
  2.0927
 -1.1581
 -2.6458
  2.6338
  2.2212
 -2.4188
 -3.3262
 -1.3496
  2.2194
  2.2164
 -1.2710
  4.1898
 -0.8634
  4.6938
  0.4242
 -2.7270
 -1.4155
  3.6685
 -6.4114
  1.5904
  1.1803
 -2.0237
  6.3589
 -4.5631
  1.4657
  4.8189
 -1.3834
 -3.6632
 -2.1570
 -2.0162
  1.1662
 -3.8700
 -5.3867
  4.5512
 -3.7352
  4.1370
 -2.4201
 -4.3231
  3.1792
 -1.5934
  0.0552
 -1.1296
 -4.9767
 -4.3386
 -1.0443
 -1.5484
  1.0539
 -0.2671
  1.7264
  1.7927
  0.4578
  0.0073
  1.5679
 -0.4846
  1.4841
 -1.5496
  1.3365
  2.2207
  2.5564
 -1.5635
  1.8168
  5.5734
 -0.3291
  1.2044
 -1.1845
  3.8504
 -2.9587
  2.4505
 -3.8558
 -2.8953
 -0.3136
 -1.4423
  0.9049
  6.0264
  0.6971
 -7.2555
  1.9133
  1.3865
 -1.0702
 -0.8892
 -2.3959
 -1.5949
  3.5121
  2.5803
 -6.4162
 -0.2909
  1.3152
 -3.1505
  1.5976
  0.6663
  1.8833
 -2.2672
  0.3455
  1.1531
  0.2502
  0.6094
  1.2083
 -9.9500
 -0.5981
  1.7059
  1.0753
  0.6070
  1.0656
  7.0245
 -2.2284
  1.1598
  2.9732
 -3.0991
  4.5935
 -0.6022
 -1.7213
 -1.9874
  1.7798
 -0.8675
 -4.4370
 -1.8616
  1.6661
 -6.5572
  0.8734
 -0.6714
 -2.4149
 -2.6675
 -3.3782
 -2.5229
  0.1748
  2.2326
 -0.0913
 -1.5661
  1.9554
 -2.1970
  1.5745
  0.2474
  4.8268
  4.9375
  1.0450
 -4.5709
 -3.9520
  3.6064
 -2.9747
 -1.3774
 -2.1667
  4.5843
 -0.9999
  0.1843
  1.6047
  6.0511
  1.5990
  1.6519
  0.4392
  4.8532
  1.9423
  4.3156
 -2.6839
  3.2776
  3.0558
  1.7528
 -2.0602
  2.6574
  2.9430
  0.1639
 -5.2525
  0.0741
  2.7003
 -2.3986
  2.0732
 -1.4909
 -3.1297
  1.3927
  2.7197
  2.4349
 -0.5583
  2.7966
 -1.3411
  1.3120
  1.3977
 -1.9347
  2.0882
  0.7285
 -6.4140
 -0.9460
  6.2155
  0.4303
  3.6073
 -1.0786
  2.5871
 -0.2007
  0.0746
  2.0237
  1.0967
 -1.7279
 -4.8574
 -5.8227
 -0.1867
 -0.7329
  1.9959
 -5.1530
  8.2152
 -1.9367
  1.0069
  0.7396
 -2.7195
 -0.9025
 -3.0892
 -0.1019
 -5.5943
  5.4776
  0.8082
 -0.1444
  0.9687
  1.6396
  0.0988
 -0.4880
 -2.0744
 -4.1844
 -1.0006
  3.2323
 -4.0176
 -0.0193
 -6.5054
 -5.1359
  2.6958
 -4.0709
  1.0727
 -0.9961
  2.0141
 -0.7247
 -0.6310
 -3.6561
  0.1665
 -2.0362
 -6.4823
 -0.8984
 -3.4838
 -1.8265
  1.4451
 -4.4373
 -3.2109
  1.0938
 -0.7341
 -1.6244
 -4.8442
 -0.2196
 -0.3229
 -1.0498
 -5.7765
 -3.0258
  0.5349
  4.6037
  3.2606
 -0.2428
 -0.1504
  3.8208
 -1.1621
  2.4472
 -5.3227
 -5.3798
 -1.4571
  1.4769
 -6.3843
  3.4974
 -1.7455
 -1.1934
 -1.7236
 -0.2669
  4.6226
 -0.3731
  0.9156
 -4.1250
  3.4005
 -1.0674
 -3.2931
 -1.0901
  6.3234
  2.2221
  2.4053
 -1.7730
 -2.7939
 -3.2057
 -1.0156
  3.5463
 -1.5129
  1.7640
  0.3446
 -1.9946
  6.9001
 -2.1536
 -1.0941
 -2.1990
  4.7671
  1.0952
 -0.5710
 -1.8248
  1.5505
 -1.4844
  3.6112
 -0.7042
 -0.0908
 -4.6179
  2.8020
 -3.0607
 -2.7885
 -0.0898
 -4.5665
 -1.8478
  2.0497
  1.5074
  0.0427
  1.7492
 -3.4321
  0.9146
  7.3063
  1.1461
  1.9587
 -1.6733
  1.7123
  4.8250
 -0.1106
  1.6595
 -0.8531
  0.8883
  3.6628
 -0.9456
 -3.5572
  1.5606
 -3.6680
 -3.1932
 -7.3241
  3.2994
 -6.1533
  2.6119
  3.3180
  1.2001
 -3.8243
  1.4737
 -2.1671
  3.1713
  0.8542
  2.0587
 -5.0902
  0.5957
 -0.2749
  1.0234
 -3.5764
 -1.3622
  1.5072
 -0.5529
 -2.5834
  1.2248
 -4.8125
  2.4940
  1.6455
  4.0342
 -2.3429
 -3.8617
  3.9483
  3.8783
  4.3380
 -1.8100
 -1.9220
 -2.2889
 -3.5529
  0.7829
 -0.0252
 -4.2444
  0.3449
  1.1338
  1.8650
 -0.2178
 -0.4305
 -2.3561
 -1.2080
 -3.4490
 -2.3259
 -0.4197
 -0.9983
 -3.4383
  4.0245
 -2.9082
  6.7557
 -1.8000
  2.7944
  2.8904
  3.9027
 -7.2106
 -2.4604
  1.5857
  0.2092
  3.5488
  4.7276
  1.0995
  1.9847
  0.4298
  2.4143
 -2.5502
 -3.5546
  1.3125
  1.1935
 -0.2781
  0.1333
  0.1973
  5.3669
 -5.1979
 -3.0965
 -1.1245
  0.9844
 -4.0332
  4.0085
 -0.3853
 -0.2131
 -4.7855
  1.0066
 -0.0596
  0.4802
  2.6256
  2.2166
  4.8347
 -3.7681
  1.3946
  1.2168
 -4.1321
  1.2657
  4.1102
  1.3271
  0.0230
  3.9147
  3.6980
  3.6283
 -2.4203
  1.9798
  4.6788
  1.5622
 -0.9878
 -5.9911
  4.2194
 -3.9619
 -2.3271
  9.4376
 -7.0318
 -2.8309
 -1.3649
  2.6295
 -0.3356
 -1.0923
  0.4393
 -6.5836
 -0.7537
  0.1648
  0.7553
 -2.0607
 -2.7027
 -0.4972
  1.6798
 -2.0394
  1.6257
  5.0078
  1.2648
  1.1190
  1.4376
  1.8995
  5.5904
 -1.0570
 -0.7565
  3.1856
 -3.2148
  0.6879
  1.4250
 -5.6864
  1.0466
 -3.8048
  0.8563
 -3.4964
  3.0955
 -0.0673
 -4.8223
 -1.8995
 -2.5905
 -0.4828
  2.1506
 -5.6977
  0.2951
 -2.8725
 -2.1796
 -2.3107
  1.7260
  2.6706
 -0.3133
 -2.6543
 -0.5728
 -1.7038
 -4.3620
 -3.4717
  3.0195
 -0.6849
  2.2276
  1.8646
 -1.4119
 -0.0312
 -2.1926
  2.1461
  5.9789
  2.8574
  0.8647
  4.8131
  1.9831
  2.1449
  2.3627
 -3.3104
  0.9504
 -3.1051
  0.1899
  4.9829
 -4.1107
  0.2416
 -4.0587
 -1.6536
 -2.5323
  2.4873
 -0.1626
 -3.1718
  1.4952
 -0.8988
 -2.5837
  1.8116
  5.6969
  2.8640
 -5.4892
 -1.1546
 -0.1937
  3.0739
  3.7113
 -6.5887
 -1.4862
 -0.0700
  2.2041
 -4.2212
 -7.0338
 -0.2796
 -2.9913
 -2.2963
 -5.9080
  2.0054
 -1.0273
 -0.9756
  3.6875
  0.5456
  1.7026
 -1.9867
 -1.7834
 -2.5785
 -0.6916
  2.1320
  5.4212
  0.2022
  4.1520
 -0.1524
  1.2039
 -2.6178
 -4.9756
 -0.9611
 -2.1726
 -4.4554
 -4.1919
  2.9453
  0.6958
  0.3472
  1.2655
 -0.8430
 -0.3637
  3.1045
  0.1495
  5.7466
  0.8214
 -1.2605
  0.3699
 -0.6655
 -7.0316
 -3.0262
 -1.9037
  0.7422
 -4.2134
 -2.9863
 -4.8603
  4.9609
  0.6104
 -4.3479
 -1.0094
  4.7074
  2.7560
  5.4634
 -7.9922
 -0.8871
  5.8431
 -3.4712
  3.0477
 -3.9001
  3.2114
 -3.7533
  5.3016
 -2.0898
  0.3070
  1.8081
  4.6892
 -2.1953
  1.2520
  1.4109
  0.3500
 -0.6777
 -1.8410
  1.3745
  1.5853
 -8.7448
  6.5632
 -1.2151
 -0.2112
  1.8388
  0.6283
 -2.7294
 -6.5191
  0.4389
  0.8373
 -3.6867
  1.4422
 -1.6641
  2.9446
  1.7621
  0.0742
  5.5186
 -0.0768
  6.3897
  2.2500
  3.9205
  5.4023
 -5.1672
 -2.3047
 -0.7036
  1.4220
 -4.0125
  1.3184
  0.7973
  3.7304
  2.6763
 -7.2203
 -2.7117
  1.7017
 -0.9469
  1.8645
 -0.5809
  4.7008
 -4.6483
  2.8512
 -1.5864
  1.3360
 -0.9694
 -0.2832
  2.7034
  3.9910
 -2.3628
  4.3052
 -1.2500
  1.6003
 -3.3363
  2.0592
  4.3413
 -4.5946
  0.5312
  1.1380
  0.9705
 -2.2531
  0.8734
 -4.2900
  0.2451
  3.2807
  2.3745
 -5.0532
 -0.4715
  0.0048
  0.0987
  1.7479
  3.8471
  6.5161
  0.4715
  0.9047
  1.2583
  1.5600
 -1.7290
  0.2108
 -0.8506
  0.2366
 -0.1047
 -1.2469
 -6.2070
  0.4615
 -0.4811
 -6.9492
  0.1782
  0.1966
  0.8676
 -0.6145
 -3.1906
  4.1792
 -0.7992
 -1.5697
  4.5865
  5.3342
  3.5334
 -4.2425
  2.8869
 -1.6019
 -0.6445
  1.0970
  2.3115
 -1.1358
  3.7369
 -4.7969
 -2.1110
  0.3012
 -0.2963
  2.7487
 -1.0588
 -2.1616
 -0.6053
 -1.7575
 -1.0531
 -0.2789
 -1.3637
 -4.5440
  1.8088
  2.8292
 -1.2024
  3.3033
  6.5468
 -4.2333
  1.5620
 -2.4146
  1.4967
  1.2415
 -4.7030
 -4.7366
  0.3938
  3.9562
  3.1249
 -2.1021
 -6.8606
 -2.5128
  0.5049
  1.5781
  0.7196
  0.6839
  5.2580
  3.5335
  4.7541
  1.5542
  0.2538
  1.5788
  0.4791
 -0.7228
 -2.9635
 -0.3959
 -1.1028
 -0.9750
  3.5481
  0.7541
 -0.3101
  4.1847
  5.3236
 -3.2206
  0.4492
  3.1164
  5.0552
  0.5697
 -2.5249
 -0.7943
 -1.6339
  0.7081
  4.5675
 -1.9722
  4.5562
 -3.2179
  1.7848
  1.6590
 -0.4803
  1.8083
 -2.3973
 -0.0991
  4.3097
  3.2250
  1.9811
  2.3074
  4.1119
  1.1688
 -4.6758
 -4.6055
  2.2902
 -2.5063
  4.3737
 -7.0495
  3.0024
  1.8993
  0.9612
 -0.2558
 -0.7816
  0.3855
 -1.1784
  6.7859
 -1.9229
  1.0471
 -6.3159
  0.1068
  0.5880
 -3.9089
  2.7476
 -5.8957
  3.5548
  1.6897
 -1.0628
  4.7574
 -5.3192
 -0.8666
 -2.2113
 -5.2453
  5.0191
 -0.5432
  2.0622
 -2.2392
 -0.1435
 -1.4559
 -0.5755
 -0.8989
 -3.9270
  0.8098
 -0.5897
 -1.1449
  0.0625
 -5.6250
  0.0719
 -2.5543
 -3.7248
  2.8404
  0.5155
  0.1385
 -7.6231
 -3.3563
 -6.1143
  2.2368
  3.3035
  3.8278
 -0.6597
  0.2888
  2.3594
 -4.0499
  1.2416
 -0.6035
  1.4201
 -5.6905
 -1.8556
 -1.6284
  1.3605
 -2.6649
 -8.6763
  0.3407
 -0.4008
  2.6172
  0.9081
 -1.3863
  8.7625
 -3.7624
 -1.8865
  0.9087
 -2.3798
 -0.3889
  3.2121
  3.7999
  0.4403
  0.1416
  0.6665
 -1.5210
  5.6194
  2.1019
  2.5371
 -3.3485
  8.5786
  0.1284
 -3.5703
  2.2470
  2.9278
  2.2599
  1.6981
 -0.3722
  1.8068
 -0.6218
 -1.5450
 -6.9581
  1.6021
 -4.3291
  4.3521
 -2.6436
  6.4864
 -1.0942
 -6.3297
  0.1476
  2.5273
  1.9250
 -6.5356
  3.4903
 -1.1800
 -3.3270
  0.3214
  0.5677
  2.8220
 -0.9111
 -1.0637
  3.6855
 -0.5436
  0.8481
  4.8273
 -2.6300
 -3.3446
  0.6440
  1.9298
 -1.3272
 -2.3714
 -8.1754
 -4.5021
  1.0723
  2.4526
  2.4301
 -1.3931
 -0.3040
 -6.2061
 -1.9049
  3.7166
 -1.8460
  4.8793
  6.8620
  0.7886
 -3.8612
 -2.1391
 -2.4881
 -0.8414
  2.1644
  1.4309
  1.8758
  3.6520
  2.8235
  0.4595
 -0.8361
  2.2564
 -2.4980
 -0.8799
  0.6657
 -3.4429
  3.9726
 -2.1290
 -1.6108
  5.7922
 -1.4821
  1.0998
  1.5343
  0.3358
  1.3697
 -0.2589
 -2.6875
  1.9506
 -1.4044
  4.6506
  2.8406
 -0.8142
 -3.5176
  3.5755
  1.9281
 -1.8304
 -2.1793
  0.5655
  4.2976
  2.3802
  1.6612
  6.1515
  0.7228
  0.7349
 -0.5302
 -1.0211
  2.2633
  0.3680
 -0.1583
 -0.2543
  0.2972
  0.1328
 -2.3487
 -0.7703
 -1.9974
  1.3741
  0.8209
  7.8145
  4.7323
  2.1318
  6.7510
 -3.7501
 -4.2096
  2.8304
 -0.5056
 -8.1464
 -2.7244
  0.4434
  2.3528
  0.0317
  0.4065
 -1.6445
  3.9920
 -0.6813
 -2.4267
 -4.9671
  1.9879
 -0.6565
  2.4772
 -2.0086
  2.8666
 -5.5980
  7.6920
  4.0118
 -1.1513
 -4.7237
 -0.7117
  0.2000
 -4.5884
  2.4525
 -3.6008
  0.4498
  0.4655
  1.7141
  5.6684
 -1.4605
 -1.6838
 -3.5177
  0.4703
 -0.8446
  0.5206
  4.2258
 -5.5517
 -2.9219
 -3.3955
 -0.0439
  2.1404
 -0.7099
  2.5664
  5.9441
 -0.3243
  3.4319
 -2.4781
  2.0921
 -5.1673
  3.2888
 -7.9953
  4.7486
 -0.2212
 -1.7027
 -5.4396
  1.9745
 -2.1755
 -1.9384
  3.7513
 -4.0627
  1.3669
 -5.9189
  3.0475
  2.1144
 -3.4023
  0.5035
 -0.9030
 -1.4654
 -2.6686
  0.5887
 -0.8062
  2.6799
  4.0034
  1.1282
 -5.8557
  1.5315
  6.6761
  1.7435
 -0.2689
 -1.6082
 -1.8775
  7.3216
  2.4614
 -3.7414
 -1.4314
 -0.8658
  0.1987
  8.0094
 -0.8640
 -4.9429
  1.3092
  5.3274
 -5.4750
 -3.1517
 -1.0208
  4.0002
  5.8095
  4.3682
  0.7598
 -3.2057
  0.8052
 -2.1176
 -4.4810
  3.3328
 -2.2063
 -0.6961
  1.5626
 -1.3939
 -2.2683
 -2.6069
  0.4077
  1.4787
  1.5776
 -4.2010
 -0.4775
 -3.6775
 -0.5276
  0.9663
  2.3132
  0.5467
  3.7717
 -0.6107
  2.7072
  3.9726
  3.2345
 -5.3074
  0.4545
 -3.0888
 -2.8419
 -2.2531
 -1.5553
  0.9152
 -2.1396
 -1.3334
  1.8146
 -0.3988
  4.1427
  3.6296
 -1.3621
 -4.7862
  2.5954
  3.0732
 -3.8748
 -2.7822
 -1.9486
  2.0811
 -1.3300
  0.7837
 -2.3830
 -7.9544
 -1.5624
  2.4797
  3.6726
 -0.8681
 -2.0683
  0.1537
 -1.3182
 -6.4653
  1.5076
  2.3576
 -4.1970
  0.6359
 -1.2888
 -2.1541
 -1.8247
 -2.3841
 -3.3650
 -8.6856
 -2.6787
  2.1785
  3.3446
  2.5656
  3.2782
 -2.1962
 -0.2149
 -3.1240
 -2.6026
 -0.9201
  1.9069
 -4.3453
  0.3905
  3.9491
  6.9765
 -3.7793
  2.1467
  1.3651
  1.6833
  4.7497
  2.8467
 -2.7500
  3.0012
 -0.7771
 -0.8592
 -2.6349
 -3.5629
 -2.2100
 -1.6692
  6.0960
  3.1140
 -1.6999
  2.0965
 -1.6950
 -2.1767
  3.5329
  2.1350
  2.7444
 -3.4950
  0.6540
  5.6714
  1.5328
 -1.5703
  1.1617
  3.1996
  1.3249
 -2.1578
 -4.1638
  0.0667
  3.6400
  2.7907
  1.9361
  2.0134
  0.8349
  0.5833
 -3.6003
 -1.7627
 -0.3009
  0.3797
  1.5124
 -5.3069
  0.5135
 -1.4731
  2.1527
  4.2873
 -1.5568
 -3.3783
  3.1655
 -3.7155
 -9.5705
 -4.4996
 -4.0488
  1.3482
 -7.6054
  6.5465
 -1.0045
  2.9103
 -3.8525
  3.1818
  0.0760
  0.6712
  2.5520
 -0.3278
  0.2291
  2.9131
  3.0991
  0.6841
 -4.0797
  0.6772
  3.0080
 -8.0708
 -1.3240
 -4.6244
 -0.0477
  1.2862
  4.0006
  1.7402
 -2.0889
 -0.3940
 -1.1675
  1.6142
  1.3796
 -0.9639
 -0.6325
 -0.6744
 -0.2764
  5.0710
  6.0829
  3.8227
  2.0649
 -4.0279
 -1.6977
 -1.1183
 -5.2084
 -1.2046
  0.2168
  1.7466
 -1.6992
  1.4246
 -0.7025
 -2.7962
 -1.0915
  1.9886
 -2.7152
  4.9667
  5.6780
 -2.4376
 -3.2983
  2.5436
  1.8175
 -2.5199
 -3.1001
 -0.9673
  1.1983
 -6.0250
  1.1835
  2.7965
  1.2576
 -9.0247
  3.3461
  0.6611
  1.2251
 -1.2340
 -0.5145
  1.3764
 -2.3397
  1.0801
 -0.7171
  2.6930
  1.3590
  6.1520
 -6.8023
 -2.1104
  5.9391
  4.1884
 -0.0060
 -1.2250
 -8.0879
 -0.9552
 -3.1283
  0.5873
  0.6095
 -4.1247
 -0.9801
  1.4067
 -0.1765
 -1.3300
  1.4202
  6.0473
  1.7508
 -2.1051
  2.5763
 -1.6247
 -0.7966
  3.6507
 -2.4413
  3.7031
 -2.0304
 -1.2279
 -1.2923
 -4.8485
  1.9809
  5.3052
  4.9998
 -1.5538
  0.6176
==6374== 
==6374== HEAP SUMMARY:
==6374==     in use at exit: 0 bytes in 0 blocks
==6374==   total heap usage: 2,024,127 allocs, 2,024,127 frees, 20,099,582,735 bytes allocated
==6374== 
==6374== All heap blocks were freed -- no leaks are possible
==6374== 
==6374== For lists of detected and suppressed errors, rerun with: -s
==6374== ERROR SUMMARY: 0 errors from 0 contexts (suppressed: 0 from 0)
